83.59
153.29
-381.98
12.10
124.61
91.97
182.27
122.25
147.64
269.98
-185.39
-307.40
481.46
-278.61
-379.47
472.97
21.43
405.63
-485.19
346.31
451.86
443.11
-474.39
13.35
361.75
-458.17
-386.09
328.93
415.82
97.98
-233.53
33.44
414.98
-276.99
-299.35
-134.69
-77.03
-324.72
-191.58
338.42
64.87
-366.40
333.59
-454.55
-143.44
46.02
286.01
-212.14
-401.19
-53.67
15.62
-408.99
354.53
-210.78
83.31
-493.48
-294.66
370.82
458.36
430.25
381.40
210.52
135.34
-367.01
94.56
393.06
-106.51
22.46
48.97
419.85
-204.24
461.85
2.46
12.83
-250.71
226.91
107.00
193.91
-328.72
1.33
214.07
-168.96
-385.59
-246.88
-323.60
-110.31
454.73
324.46
426.90
397.78
-68.30
364.43
141.87
34.31
-144.95
71.11
-452.20
-309.52
-269.41
269.28
-198.63
252.82
-163.93
463.33
51.49
-311.06
-317.51
347.17
-289.94
247.34
401.86
51.96
301.91
310.74
-443.61
53.62
-279.01
416.31
368.35
-220.47
-423.87
-336.61
149.04
183.96
-21.69
-416.47
-391.32
428.67
-4.41
-381.89
123.90
-454.67
263.00
-141.79
-464.18
-282.58
237.08
-266.31
-477.24
-276.41
100.37
267.75
-52.48
-176.43
-41.46
486.26
-449.62
419.85
-44.26
-420.38
-351.14
-340.68
337.05
-62.28
335.19
242.00
435.76
-191.09
-437.16
475.13
-219.37
197.35
431.80
354.60
164.61
-364.39
-39.27
-411.39
-126.02
234.80
116.61
-486.54
-341.64
-147.05
41.46
-87.04
-308.57
24.77
394.06
60.38
-174.04
358.81
17.74
444.67
495.70
414.84
21.22
-98.22
478.63
-266.64
380.20
226.60
379.27
-105.31
-160.20
345.57
-136.54
-429.80
-246.44
-133.68
228.39
490.06
-223.89
146.46
438.47
-50.27
-44.99
-265.49
68.70
-116.46
-494.71
-453.72
420.70
-224.48
-281.61
74.59
390.72
-127.65
198.01
33.88
-28.36
-141.50
484.16
-357.53
221.23
-148.80
-199.77
383.92
-165.91
-213.14
-441.46
68.21
-26.36
476.71
387.55
-244.80
210.78
252.84
225.27
493.37
-190.11
231.44
195.92
368.90
179.77
-268.61
-11.08
62.31
236.64
-4.21
24.87
-143.81
-134.25
398.59
360.43
-308.15
-172.55
366.42
-219.08
404.46
-377.33
-224.10
-354.05
-354.97
410.62
-409.47
-319.56
-472.41
139.75
-163.17
-58.74
-34.39
-362.11
-406.61
-27.35
145.78
266.04
-272.87
-321.56
-361.72
-18.64
33.07
-155.54
356.12
106.78
-447.73
191.92
-187.36
315.07
-432.50
-85.86
87.06
-307.35
447.73
498.98
98.18
364.25
194.35
375.31
-455.89
-95.81
-456.07
-51.28
281.08
418.99
-200.36
194.48
85.30
277.14
-152.92
173.13
108.08
374.46
-383.69
-222.62
-17.76
413.81
-43.96
-18.73
-200.97
157.58
-15.97
112.94
113.45
479.91
335.51
-478.84
346.31
89.41
103.73
-477.02
-85.37
-146.73
-210.61
148.60
-376.10
-327.92
432.62
307.71
184.25
93.82
211.69
-135.94
125.98
2.73
470.02
-98.64
-417.26
285.82
-91.15
-485.41
382.57
495.48
-162.55
-305.02
117.62
76.07
-330.64
-242.71
-52.67
18.65
-341.74
287.18
-302.28
-121.29
-117.14
-73.32
54.08
213.85
-254.57
-284.75
330.35
153.33
64.29
336.69
-416.22
-267.05
7.23
-348.95
-201.12
93.11
-83.30
-441.98
-383.84
387.19
-416.07
169.09
-76.30
-97.81
427.00
-9.90
291.68
121.76
121.37
-134.64
-180.95
-107.90
-246.98
-106.25
-382.58
15.78
-368.94
-4.63
386.05
-480.82
-56.09
-292.31
-8.94
367.98
48.94
-388.48
124.57
-433.77
-78.81
-338.80
-195.34
-450.05
-317.33
-480.38
-335.73
-489.45
-325.13
-497.32
232.10
257.46
346.24
362.66
-128.49
-436.16
-56.24
-238.21
-335.49
461.66
-476.89
-244.75
-390.57
-230.89
-221.13
-413.83
26.11
-133.88
365.42
63.26
-239.77
401.11
425.31
-249.64
283.61
-166.29
-2.34
-137.98
48.24
236.10
-304.13
-373.10
278.05
-53.32
456.18
-129.48
385.71
121.67
415.75
279.87
266.19
106.41
90.51
426.19
-191.15
246.33
204.15
212.38
67.76
-67.32
-336.98
458.44
-242.28
-147.25
-441.44
-23.54
234.15
-288.71
-14.58
-467.40
264.83
-260.24
340.56
-63.42
11.58
260.02
-93.57
482.73
343.90
-205.92
-86.62
198.70
-348.52
411.48
287.62
-148.11
-4.49
104.67
307.20
72.76
-161.81
405.63
-435.23
67.07
441.39
251.59
-469.67
-443.89
-188.99
-463.97
456.53
-426.80
219.99
115.50
-117.63
-288.75
243.40
-192.86
491.24
236.17
99.23
96.93
-375.66
-37.88
-318.58
-346.44
-348.81
471.77
-83.88
328.27
-366.25
-201.07
492.71
-209.77
-178.50
197.74
425.15
-164.00
-437.05
-2.14
-20.74
26.31
-407.30
296.67
71.63
-223.06
-442.33
411.69
-313.52
192.38
-50.00
-355.93
-251.69
133.65
53.22
177.51
-452.24
178.90
-286.76
376.09
-69.72
31.03
-444.35
-346.46
402.65
-106.18
92.57
-130.37
-401.01
-370.08
-79.70
308.50
-47.60
139.23
472.66
-489.29
-490.74
378.49
396.18
194.00
-493.70
134.07
276.72
-247.61
180.65
-85.40
144.73
-42.13
152.22
-463.57
277.15
25.13
388.01
148.51
-477.08
51.28
469.83
53.74
-313.51
-255.55
-404.37
-408.56
-4.63
-103.24
-466.05
413.52
146.88
-471.66
458.63
-374.55
-31.24
-344.36
256.70
20.96
-108.03
403.87
-106.07
157.65
-319.24
-225.13
-219.59
-404.16
-460.94
-70.72
-118.45
78.15
222.26
-441.38
234.57
-195.85
59.43
436.74
-467.61
368.63
460.36
-351.96
-342.55
258.73
-338.14
-236.78
-125.59
166.43
-24.06
-144.88
463.76
-391.10
83.16
-28.76
-136.02
-309.70
-171.64
377.13
244.52
146.08
-139.59
376.55
328.11
456.88
-440.70
-441.33
-316.15
-126.26
498.89
81.62
273.55
-393.05
-41.16
186.76
374.37
498.83
-481.58
16.26
-112.78
376.22
-245.13
-114.10
-290.28
-36.06
25.63
312.12
-308.93
497.62
31.86
-229.91
-342.15
-230.46
-22.32
-58.39
472.61
-70.69
-345.07
-354.11
-250.25
-276.59
120.96
-403.45
-355.50
-402.12
80.66
-221.87
-445.40
-199.71
-424.15
-440.49
264.21
-422.71
-375.31
-336.52
-183.54
-263.00
-314.70
36.80
-150.90
130.18
19.64
-399.20
434.23
-282.27
122.93
359.15
-201.67
194.69
-370.57
362.53
72.73
6.47
447.53
350.64
260.97
279.93
61.61
162.23
-97.53
173.28
-382.05
286.59
328.45
340.86
-295.05
245.38
-211.54
-161.69
-275.49
-277.08
-476.48
-372.29
-26.37
-285.15
215.14
383.83
499.44
-433.43
481.34
435.14
-327.09
191.49
381.13
-139.82
-213.19
92.78
-101.77
40.89
-399.53
41.30
-443.85
-427.10
91.84
-195.75
101.85
387.20
-160.24
-397.67
163.05
-219.50
239.00
147.89
235.34
-360.51
389.19
12.12
-158.86
-452.91
93.08
-412.52
-163.50
-373.94
-302.38
-119.71
210.87
332.47
353.50
268.35
18.58
-206.39
-160.27
-355.04
-104.52
-231.75
-304.82
235.07
233.36
-28.30
-489.29
376.98
-423.97
73.57
-329.75
-310.91
-60.43
187.66
-29.93
436.21
-385.96
-146.40
425.52
233.64
-367.56
-55.31
-296.83
276.25
-400.72
459.20
-269.53
-379.50
23.96
-154.06
-13.14
-28.16
-160.64
-163.29
101.15
-135.27
-474.28
-154.61
-249.09
287.05
-280.36
349.76
-77.27
-39.66
-115.08
285.21
360.52
476.56
-287.81
289.76
206.52
420.47
-109.40
121.90
-147.78
-314.57
483.53
-27.55
453.76
-37.83
-302.94
-170.68
372.84
-100.53
316.50
-392.21
-386.67
-330.38
-123.94
-467.34
-281.44
27.56
-28.26
366.33
-67.34
-279.26
74.22
-9.61
-477.09
332.22
5.33
155.38
-38.96
265.47
-137.73
-93.95
342.14
113.19
444.48
-43.20
120.06
174.77
354.87
186.87
-62.94
491.84
405.83
213.82
-35.16
289.74
-401.44
-418.33
229.50
-9.13
-160.94
-269.00
-346.56
94.83
-201.81
18.31
-477.01
-352.99
470.29
267.44
-104.57
78.39
411.33
280.78
270.50
-243.43
265.58
178.79
-388.24
-334.30
308.73
-167.74
35.38
85.26
-392.69
-364.06
-307.11
367.95
-487.72
28.53
16.36
-147.13
-196.30
79.40
401.95
-99.14
-99.59
-286.24
118.09
311.29
188.57
104.68
67.80
-221.80
268.28
399.16
223.94
-451.37
323.06
50.65
458.49
368.57
367.56
139.07
-222.91
187.28
266.60
-51.73
-60.14
173.50
50.09
-433.13
103.87
-254.49
209.17
290.38
431.74
-27.39
-201.58
280.06
157.14
-377.24
322.83
461.97
-494.83
172.60
-425.14
228.61
449.92
-6.34
-395.91
-379.63
2.46
78.17
-313.94
-23.56
35.67
67.68
-369.22
-195.07
392.90
-173.35
32.31
488.21
-249.11
174.64
320.88
-299.54
-77.04
309.45
417.86
126.08
403.16
-266.82
-161.92
186.39
-51.07
-395.16
-15.33
-183.87
193.24
176.56
-3.60
-393.06
-52.97
-494.69
134.42
122.92
225.56
-274.60
-45.45
-6.10
100.57
419.27
451.78
330.64
-399.50
-230.64
418.12
151.16
-300.14
254.76
-218.85
0.84
474.13
79.13
-12.80
240.43
396.26
498.67
338.24
-100.39
145.34
386.97
20.30
-447.28
461.37
-427.83
-15.85
-144.73
-442.43
-484.96
-495.85
130.70
-474.25
489.61
106.65
-403.65
121.07
471.71
244.16
-255.62
-165.97
-124.85
-259.28
-93.90
272.38
-85.02
-471.25
-499.40
-480.92
-191.36
178.07
-371.56
-258.95
176.34
221.24
276.04
118.57
-321.91
396.98
-359.06
240.85
131.78
-193.60
137.27
196.19
-335.99
110.87
-118.08
417.86
-485.26
-364.46
-468.01
177.44
-37.31
46.07
-236.41
425.56
469.01
-161.40
327.64
-475.54
-333.42
398.83
7.05
415.37
-333.55
-347.81
193.49
-238.43
373.37
-494.74
-466.67
-444.64
-48.52
-187.19
-340.67
-348.17
-365.28
-163.68
270.18
-474.76
148.16
351.11
-157.77
473.72
-93.77
395.49
-152.05
453.41
486.66
280.80
-290.67
-172.61
-249.34
-158.87
-44.74
87.13
-447.81
-436.80
-271.61
356.56
121.14
-143.45
-259.46
422.18
-205.62
486.90
-238.13
247.04
-75.18
15.28
-328.44
-367.17
-361.93
346.94
-435.57
-260.03
-290.27
489.89
-220.12
419.29
-98.29
98.19
-78.77
216.32
286.98
-472.81
-175.91
179.66
135.74
333.36
-193.62
356.04
459.02
-267.05
396.25
-391.90
-173.29
-109.19
336.38
-48.85
291.78
26.10
-305.35
-306.03
222.19
-317.96
102.42
19.10
363.66
487.34
-390.67
96.46
-426.19
-483.82
309.59
-215.14
-184.96
490.88
-295.31
138.68
426.69
-451.22
446.95
-196.19
-41.89
-236.45
342.28
442.76
-403.81
59.92
410.84
275.70
-471.99
266.23
-332.37
151.33
314.05
247.55
86.58
40.62
410.92
58.79
-442.05
-111.36
432.93
308.29
-468.49
91.93
-443.29
288.10
182.76
-271.27
-104.78
-431.45
-180.01
-369.68
274.70
-485.66
459.65
336.81
284.96
168.23
490.50
231.04
201.28
-55.48
-359.87
486.29
45.06
-388.36
223.57
-42.80
-290.66
-280.27
-399.25
-351.03
-352.86
-151.69
158.64
195.88
-324.90
414.45
343.31
207.47
-232.83
-157.57
221.33
-184.88
109.56
281.92
343.13
-434.00
420.98
57.23
-216.49
203.65
40.88
-87.15
167.54
340.37
338.43
-372.25
57.78
-26.77
463.81
-404.09
-281.22
94.91
344.13
481.39
359.53
489.60
-69.45
47.60
-438.50
283.01
-385.16
-118.84
-471.96
81.33
305.09
-71.24
-27.85
-230.86
-72.52
-228.26
-473.04
-6.42
-40.63
391.02
300.10
387.53
-229.75
335.32
392.21
-141.30
443.92
238.55
211.29
451.17
201.53
-417.61
294.33
495.90
-367.59
-280.47
188.14
61.47
297.53
12.58
183.61
202.81
193.23
-8.18
194.74
-47.68
496.49
-344.97
-445.15
-34.84
-365.77
333.53
228.77
-48.01
107.55
473.91
5.49
81.21
-157.43
-328.46
-62.10
337.09
12.87
463.28
-102.55
451.72
-402.08
70.18
126.94
-52.82
-34.34
-226.90
-125.39
-233.55
-331.30
-316.18
181.61
191.50
470.66
182.66
307.82
-341.39
158.62
-219.28
-287.17
-82.27
94.37
-311.66
-401.53
16.45
83.78
302.41
438.77
412.75
203.53
273.17
436.93
29.66
-61.25
-395.37
18.78
126.09
335.55
426.45
-432.34
255.00
467.41
410.44
-379.15
103.86
-41.13
-184.75
-38.77
-275.52
412.87
358.33
95.08
46.98
-330.32
402.82
434.97
-272.32
-482.70
419.72
156.70
109.90
107.39
232.20
-396.75
-158.32
-461.78
-103.95
495.22
431.81
387.09
-161.59
-451.05
-368.67
-124.53
-222.31
20.71
-413.71
-306.39
333.27
67.46
-38.63
-214.69
82.54
-77.64
124.86
409.16
320.85
228.95
88.55
-346.09
-343.33
-475.04
-351.19
-302.81
8.81
336.41
334.14
-185.65
-121.52
-128.98
-71.73
112.67
196.72
47.34
-129.27
-198.11
-180.46
235.41
-179.97
30.67
-189.97
-228.89
-429.91
-274.21
341.32
186.14
7.68
-70.17
-233.76
465.66
455.65
-224.33
442.52
397.12
-109.64
432.22
246.66
-214.59
269.92
332.20
-361.64
322.16
-300.63
-164.79
23.50
-361.73
400.18
320.06
-340.57
-247.87
-82.01
410.37
88.03
138.15
10.64
118.26
-289.57
380.48
333.24
-264.52
412.97
212.06
-24.19
473.72
-124.81
365.11
-292.93
198.87
65.63
-6.48
127.53
53.61
-488.82
-80.53
-253.70
476.71
-156.22
307.65
175.82
-60.65
280.38
-61.11
-264.04
155.86
-51.26
-496.25
334.93
139.19
376.51
-422.61
-206.43
440.21
-336.70
-188.30
95.72
434.17
-197.47
492.11
-295.90
208.98
-203.28
-315.11
149.30
-482.95
291.87
265.64
287.89
-5.12
406.70
-67.31
-261.27
-198.33
-169.91
-210.59
-24.81
-20.58
30.74
125.57
-92.43
-298.31
436.42
27.00
13.45
388.69
90.56
-438.17
146.41
95.20
396.79
141.31
-123.48
-93.88
-299.80
111.52
-51.77
238.44
-162.66
-39.45
397.76
475.86
470.89
-156.73
80.73
218.40
-61.21
170.34
-439.00
-135.61
-37.26
-268.23
439.80
285.86
-229.32
-216.68
-206.87
-436.76
-427.76
-130.60
-295.11
-164.86
-206.51
165.25
16.02
317.08
-254.65
499.02
-410.66
-322.78
304.87
317.30
-274.50
-436.09
-133.26
-391.05
216.34
471.52
279.53
261.52
-109.62
-345.14
243.72
-226.26
93.25
104.28
-97.78
250.44
-118.85
-279.56
435.80
234.72
-119.67
-207.11
70.00
-33.02
29.78
117.40
-418.52
-123.74
-63.33
-113.88
451.95
336.74
444.67
-195.20
-262.42
-316.92
-256.75
49.76
54.90
361.18
347.23
-429.13
294.59
41.47
382.54
-125.90
-25.66
-483.18
246.48
-225.04
-222.57
-277.17
-133.79
116.38
89.52
443.06
452.33
-148.14
393.32
397.32
-260.91
386.79
-337.74
111.20
-20.10
-249.72
178.76
487.84
-497.19
-346.56
32.86
163.59
57.56
149.63
-42.54
-151.07
-19.93
375.30
488.78
-446.30
-42.93
102.08
466.79
-28.17
34.61
-464.26
256.43
-401.78
-433.41
455.32
-261.15
34.32
377.58
-287.67
247.19
325.23
-17.14
276.33
335.91
-163.11
346.14
-52.02
190.46
328.74
354.53
309.96
-99.06
74.00
354.86
-430.74
362.33
-374.97
114.74
246.98
64.24
-469.08
-236.54
199.44
128.58
-56.72
-482.34
78.84
407.45
104.62
-372.56
-244.08
297.22
-148.17
428.92
301.80
287.70
258.30
-80.64
422.77
472.23
-346.56
-143.21
-97.53
114.25
-160.17
-391.77
64.63
-380.97
-189.70
-195.53
-123.37
490.90
-264.53
-217.14
-234.38
-170.69
-146.17
222.20
-57.70
341.90
488.30
116.26
-16.68
87.85
214.36
224.09
-214.59
-380.52
-5.78
420.93
-373.72
-28.76
304.74
-23.30
-96.04
278.61
-466.92
-475.97
-444.78
338.49
452.59
78.03
-25.90
476.00
-235.06
261.04
2.87
358.06
350.15
-462.11
-104.36
-418.24
-243.40
263.08
-278.02
365.20
201.78
-230.78
-27.53
212.59
-461.89
447.88
233.20
-494.62
-33.45
-17.61
-331.93
361.16
117.66
127.70
37.86
369.29
97.06
-58.45
113.26
-251.50
-15.57
433.99
124.09
-252.10
302.69
-162.99
380.31
275.91
433.31
-401.60
-376.24
394.83
455.58
141.31
460.47
381.13
-93.50
415.49
281.48
203.90
308.73
477.25
-327.74
148.71
286.64
158.53
233.14
169.37
1.63
314.42
46.98
186.21
-448.30
309.60
-432.47
239.94
190.40
298.73
-210.74
422.59
-152.85
231.31
-228.49
-255.42
8.31
236.83
299.02
402.44
255.91
144.56
495.30
238.04
370.42
401.73
-460.85
-279.57
205.30
192.73
-167.84
96.45
93.72
42.59
-5.15
-491.70
-124.39
369.06
-483.22
293.60
231.25
-60.33
99.41
-499.77
493.71
-271.99
266.78
492.12
-360.29
-52.59
-285.44
-46.19
154.60
-263.85
128.79
253.12
-165.53
92.44
34.03
-72.64
-443.29
344.78
482.07
88.98
-10.22
160.72
-426.59
247.51
268.67
364.92
-259.80
420.31
-304.60
-0.13
33.02
-133.13
303.32
461.26
-242.47
-414.67
319.71
484.87
409.18
43.96
483.16
152.08
145.71
473.93
368.75
455.87
-170.76
-308.99
441.63
73.60
-464.16
-155.96
222.08
-28.10
201.50
-4.24
-255.66
43.00
-132.04
440.28
-240.18
214.31
355.47
467.54
168.14
-231.18
418.21
-391.74
157.01
164.80
181.15
367.04
251.45
-304.41
-174.13
-394.80
-2.01
449.35
223.57
-81.47
436.19
-356.28
186.51
77.20
-93.63
460.80
494.01
138.60
-470.50
-90.60
-84.08
-346.49
-279.38
6.01
-273.28
27.04
154.03
-61.51
480.83
-65.95
-70.05
275.02
-463.51
-57.88
-292.36
154.92
113.61
-445.51
261.82
-317.04
341.56
378.08
-371.76
-100.64
-269.96
-419.20
-107.11
271.40
40.69
-111.06
48.49
110.06
467.12
-473.35
60.23
130.94
-35.79
315.14
499.72
-197.56
297.80
200.63
-487.94
66.39
-64.24
290.72
-19.82
133.36
302.74
-379.40
-264.77
177.10
358.47
418.27
-394.28
-187.24
261.61
174.46
-37.48
-296.09
-163.22
-353.89
-384.18
-213.23
-195.01
424.46
294.86
-393.21
-213.08
-15.72
407.25
269.80
-326.22
185.35
54.58
-208.03
310.63
136.66
-494.11
366.71
-118.63
-130.95
-29.66
445.80
-42.11
453.54
465.69
132.91
29.52
-113.96
160.81
319.61
228.72
-272.99
-358.95
48.47
186.72
423.39
-175.96
-438.51
-81.91
271.85
-220.11
76.23
-239.89
-190.81
-83.72
350.27
-395.07
72.66
341.32
-475.17
-468.77
431.17
-493.41
495.54
-325.67
416.32
123.65
-35.17
106.44
-184.44
126.98
-319.00
-125.09
-59.33
-249.79
-336.85
-280.99
435.96
-382.61
142.88
313.27
-231.08
12.36
52.68
292.02
224.44
200.75
172.98
340.75
-215.76
-194.65
-455.36
-487.00
-435.14
-289.09
-58.04
-136.76
-24.12
109.02
-458.08
-393.98
-343.00
385.34
287.84
-29.33
-477.59
-226.94
472.66
249.37
83.27
9.03
22.90
399.22
-69.01
-361.79
110.92
24.52
235.51
76.51
228.18
-189.16
-311.18
-219.27
132.85
-216.61
245.17
-58.61
-314.36
-456.63
-236.66
420.78
71.36
255.48
-187.32
255.62
447.79
431.86
204.89
29.96
489.87
-145.29
31.35
137.38
-427.43
-125.87
-165.69
-454.74
-360.25
113.56
-31.92
-424.99
-422.29
452.22
-100.09
294.64
-413.19
-472.21
-311.95
191.15
152.24
-11.85
-201.72
317.76
-11.21
286.78
-38.92
-384.24
335.89
-123.62
335.93
-74.49
-249.24
5.57
384.12
-326.45
19.56
-487.93
96.72
128.40
-59.09
-369.09
-166.40
44.31
479.25
141.27
90.94
312.86
153.41
374.83
-240.97
425.27
-496.92
482.48
183.15
244.42
-110.20
495.52
-497.70
240.10
205.53
146.49
-67.15
426.11
-159.03
389.63
339.24
-18.07
-162.87
-374.49
270.47
-438.97
375.47
443.15
-444.10
211.45
-261.15
149.12
246.93
-145.63
-487.35
-340.11
-4.58
155.41
-316.26
-393.60
-324.52
230.55
-478.43
-169.15
-432.59
-405.88
276.36
-144.08
-304.92
42.41
183.68
-422.82
38.68
-209.43
-404.94
270.96
-68.37
-401.80
83.99
310.13
5.32
-37.06
-67.98
185.88
0.29
368.12
-64.76
236.93
-270.77
-9.84
-16.70
360.08
445.87
-408.90
111.11
-154.99
214.25
426.36
169.37
-215.36
-347.93
-379.83
-138.41
150.63
-14.34
-238.90
-391.13
-378.04
-142.54
335.26
340.95
-408.08
183.43
-152.83
-302.32
42.45
-61.72
-80.41
475.01
-482.54
26.46
221.30
59.39
26.91
436.58
-135.04
-106.92
469.38
29.67
-10.36
-228.94
211.65
-229.84
88.93
129.38
-229.01
-126.54
333.26
411.59
-340.59
-229.22
-286.73
-142.08
-482.53
431.67
298.73
379.40
164.84
428.71
-143.01
-378.51
-5.38
1.67
-264.12
32.33
426.21
284.32
-349.15
344.64
-491.11
-79.94
243.75
479.60
-289.00
202.35
-184.57
-343.20
311.42
470.44
80.88
-295.59
-353.75
-248.81
82.37
-268.51
-317.12
326.33
-75.00
199.97
-255.03
409.07
-481.93
-263.22
215.69
157.96
-455.02
107.34
-456.97
-453.18
-238.41
-442.67
344.24
57.64
176.49
210.99
-122.84
31.69
-164.29
-466.83
339.38
-38.01
-214.44
-256.86
377.88
-9.89
216.62
-34.71
415.67
-182.23
41.38
254.66
-361.76
-373.72
226.86
235.28
-498.04
-346.90
10.21
-133.95
-32.12
126.51
44.13
57.66
-202.85
104.29
339.25
-384.48
281.19
-462.81
-325.34
-109.37
-486.05
174.70
-42.38
-90.26
-279.63
-170.95
-28.29
123.58
-485.89
-21.38
-488.07
33.05
453.40
-214.33
-258.72
-289.04
122.18
-397.87
211.63
-479.60
-247.15
-62.93
-53.09
193.16
-336.01
-260.51
-90.14
252.81
162.44
-377.76
-330.17
-153.97
28.44
424.15
63.23
274.15
168.28
-267.63
-116.91
297.39
348.42
-88.46
-0.76
-322.68
16.21
423.77
10.21
350.37
-471.35
498.63
-264.62
37.30
-462.25
-414.51
268.64
-440.67
-56.48
197.10
-351.65
-349.79
372.21
120.90
211.14
-212.65
-387.88
-309.91
-186.80
-175.63
428.02
-244.44
-317.85
-328.50
167.90
316.71
-176.56
251.70
-61.12
462.17
-463.49
-372.83
226.63
258.77
-290.99
-127.21
467.60
310.17
122.69
93.10
-491.72
487.09
-244.21
41.09
53.56
-234.82
297.50
-448.17
278.89
459.86
-421.19
378.17
-347.40
-448.09
176.61
3.67
-263.14
-236.78
-178.82
113.17
-360.51
239.40
31.43
204.91
-92.02
8.48
86.85
-170.53
-145.19
280.20
-113.33
-87.48
222.80
252.79
-21.30
254.00
467.54
-217.65
191.26
-356.08
197.27
209.52
-451.86
316.73
244.34
-320.06
-275.08
39.14
57.33
350.04
430.97
416.83
72.94
-162.68
-71.45
-257.33
315.33
56.75
324.00
-387.73
281.10
499.81
2.25
54.34
226.65
241.54
-32.29
-161.85
-174.91
-48.44
-254.57
-56.57
361.67
362.62
470.15
-413.80
63.62
152.93
197.36
77.82
-334.63
118.57
-341.99
-416.14
410.86
127.24
-140.68
213.80
22.80
-38.54
400.89
450.84
-410.28
121.86
-190.72
404.31
215.71
469.54
269.85
255.05
-379.62
-109.75
-114.36
-259.39
-443.40
49.89
-128.89
247.39
-197.62
409.81
152.18
-50.25
-5.55
154.89
156.05
91.59
2.96
-360.77
-368.28
12.20
-261.16
36.60
-38.80
95.33
-448.73
-134.44
279.31
-444.46
63.36
96.32
164.26
-92.56
382.02
-269.16
140.02
-93.77
-150.26
-335.89
470.23
294.52
163.76
-127.45
-240.86
329.37
140.64
300.21
432.11
56.24
245.91
360.83
-165.85
355.06
-125.62
-119.73
197.94
283.90
367.58
-315.88
-315.30
-53.15
-383.80
24.09
466.70
157.69
457.70
348.31
-203.61
-275.35
206.97
-195.58
-241.90
-84.95
-158.29
-161.92
244.16
-71.86
231.98
-252.07
-319.73
-499.26
-47.87
251.12
435.75
451.52
269.43
115.82
3.01
10.44
-446.68
499.05
-155.57
388.10
-120.92
306.65
319.89
-334.69
-290.62
138.46
-316.38
-45.47
317.72
-157.57
-92.52
-480.52
-491.41
91.50
-459.26
-16.61
-372.05
201.75
-475.55
-366.08
-347.65
-264.85
-384.09
-114.52
-388.75
-63.51
200.08
-361.84
393.88
319.36
439.32
182.18
-333.71
470.11
84.68
226.12
118.43
227.73
229.55
498.85
-50.19
273.15
56.12
312.68
426.07
119.61
393.63
72.74
92.92
-264.59
233.60
-269.24
317.97
-446.21
307.19
164.98
248.77
-239.80
-486.07
72.09
401.82
494.13
395.33
-8.41
215.56
89.20
29.71
-366.30
-339.89
343.84
425.46
-39.67
486.77
161.05
467.81
467.13
440.54
-498.21
-452.06
-115.80
137.23
-19.11
-18.15
-409.59
-364.34
311.79
-383.72
33.00
-272.29
332.33
38.00
-49.99
208.82
-343.17
483.57
257.65
263.48
-429.89
264.50
-402.91
-87.21
81.93
422.53
-1.76
-250.17
-39.62
325.97
425.37
-131.40
486.68
-462.56
-394.20
-460.86
304.98
-379.52
-357.66
168.89
472.40
-383.76
-437.93
-236.17
156.32
412.65
271.40
471.49
-163.62
387.20
262.92
497.33
-235.97
-157.82
-103.47
152.52
272.77
-279.22
37.95
-239.13
118.63
253.99
-62.95
-147.95
453.27
-230.19
250.11
-417.12
15.69
141.49
116.33
-269.94
-364.66
423.00
179.37
-60.34
85.68
31.10
-161.90
-85.07
325.15
84.57
-155.50
-452.78
58.25
-44.65
343.01
-65.10
206.86
-266.04
154.26
-152.82
146.56
-132.52
-366.77
298.76
137.81
413.15
-467.15
166.35
417.54
-386.13
-344.53
-405.76
130.48
-443.51
276.45
228.28
469.68
359.48
24.62
-335.06
-16.68
-188.38
-220.97
-298.58
-253.57
-212.40
204.49
-301.14
422.97
-488.33
56.18
247.36
37.99
123.92
429.24
-64.13
191.74
277.65
128.88
199.70
-317.89
4.35
108.94
486.53
-367.71
43.68
-175.16
151.23
10.22
328.00
-57.84
-362.05
-114.53
-467.79
73.10
-213.93
-48.85
-119.46
-208.65
-417.86
390.44
150.30
-128.74
-359.05
-122.44
261.57
229.08
-305.39
-363.63
-390.16
19.08
196.47
3.58
354.76
176.99
-305.17
-225.42
66.21
-410.43
484.15
208.31
391.05
343.55
-321.00
130.48
-418.56
-80.33
243.34
-112.34
-152.05
-478.60
176.47
-9.93
-210.92
-277.25
-154.15
296.87
-330.13
-242.79
-40.89
217.20
300.74
-408.14
333.83
329.85
380.92
306.25
-279.31
-342.22
108.52
378.49
391.84
133.24
-232.93
-138.79
147.43
443.33
-275.94
244.61
-323.80
-158.17
145.27
-473.87
-40.97
81.36
258.39
205.46
-226.36
-35.85
-55.87
137.76
44.88
117.92
449.46
245.11
246.27
87.42
-211.14
-77.61
133.93
-476.47
106.70
107.17
-321.59
69.15
186.23
-387.40
448.75
-101.69
-50.69
244.44
-215.23
252.37
197.23
331.76
41.96
317.02
115.89
140.41
-328.21
-261.09
-230.48
53.42
-461.44
-322.09
-15.56
-353.87
-28.02
428.52
-136.85
186.27
353.84
-152.23
-121.06
-496.08
64.56
337.00
36.51
301.31
309.09
-196.00
-340.69
403.35
414.38
9.03
338.94
82.85
78.58
370.02
476.24
-108.28
-320.17
98.08
-310.35
-178.08
374.26
-29.11
437.70
39.07
131.66
303.51
424.19
111.79
-387.88
-14.26
-303.94
-139.52
-233.59
339.66
-244.64
217.62
37.14
-311.02
478.94
-183.58
-153.05
-88.29
-36.29
14.85
314.65
441.25
78.20
225.07
84.53
25.03
-392.55
-208.85
326.77
116.64
92.77
57.29
30.62
233.80
498.05
9.79
102.27
-9.90
-320.99
473.83
-189.42
-289.01
44.79
-235.42
60.98
-47.75
142.88
117.19
106.82
-395.97
383.86
-343.02
-403.17
299.04
389.80
-367.75
-159.78
110.14
17.42
451.64
349.43
-241.97
472.21
-191.64
387.44
-218.95
-213.71
-87.66
408.00
47.56
-139.53
439.26
-314.13
347.32
-309.30
-289.48
12.69
-288.47
-24.27
125.49
-308.36
-165.42
20.35
238.46
-479.94
237.77
499.66
492.83
450.06
-445.73
55.37
-267.40
-369.96
267.62
437.01
225.86
-248.40
224.65
472.00
22.85
-411.60
-242.69
-199.82
245.24
-420.01
-126.80
348.46
196.21
223.03
200.81
-372.69
-387.40
397.46
60.41
149.64
130.29
70.31
-150.34
-374.93
-341.12
-32.98
242.41
315.84
-375.80
416.13
-253.42
2.73
476.73
356.37
-24.66
153.03
-345.76
-469.72
374.14
260.37
315.09
354.14
-121.42
125.73
-115.04
-37.45
183.84
-127.65
-181.11
-101.16
464.14
169.41
-135.71
225.66
-259.70
332.10
-326.85
-391.25
-381.16
-402.52
0.68
-113.93
430.20
-101.67
-424.46
-70.22
-298.46
-386.86
123.29
-411.72
310.21
-151.44
-458.53
431.11
-310.87
-308.47
176.98
-251.07
-219.53
-18.87
293.65
189.11
-255.83
106.79
120.22
294.81
304.46
-442.01
438.35
439.98
196.29
-492.79
-456.55
117.88
437.17
108.89
259.42
-384.08
54.15
-121.20
-124.71
393.90
-307.82
29.32
459.63
-306.56
294.45
416.90
-207.42
404.79
170.69
-460.69
-344.72
120.08
-34.00
-225.50
-33.40
-96.81
237.09
-146.78
-22.28
-455.03
-246.48
330.74
-315.40
-23.88
438.92
-343.57
196.18
-156.17
228.53
-110.34
-127.48
491.96
36.54
-172.00
-286.18
278.96
464.32
174.58
-170.55
156.14
115.59
241.65
69.86
441.34
324.04
-378.95
-387.65
-370.83
277.90
-30.03
369.96
401.30
-379.61
363.66
21.10
55.87
113.50
397.69
-204.40
327.67
-475.66
483.25
464.02
254.32
48.56
316.27
-191.30
115.17
-472.73
357.05
-93.84
-79.10
-257.83
239.14
384.22
-164.64
-191.69
-87.61
401.83
-406.70
47.15
-222.83
-170.41
-2.48
-25.38
300.14
-277.43
-84.60
408.48
243.02
457.99
28.74
-359.56
-50.84
-215.38
488.16
-172.21
479.93
-422.57
164.56
-128.78
337.35
-294.95
301.99
198.41
277.35
-60.28
-116.86
340.83
421.41
112.58
-370.46
-253.19
-333.60
257.75
-214.57
273.24
-112.88
-214.89
213.92
-261.87
388.88
342.05
319.02
-236.57
-275.84
497.69
-14.50
375.94
-70.55
-5.14
-251.97
-497.74
368.43
79.25
-79.94
-455.80
69.43
453.46
-142.54
-189.01
470.63
467.08
-325.24
303.55
-249.15
-460.65
-289.72
310.46
188.00
185.68
-147.02
-361.66
-411.74
368.24
434.00
-8.16
269.50
124.03
-258.65
-434.09
214.87
54.40
123.79
23.53
-217.20
418.66
-199.56
219.50
263.35
211.50
260.78
-112.27
111.46
-487.10
-399.51
-8.94
316.35
409.68
-257.99
253.76
-235.72
-393.95
331.81
-450.08
302.10
-402.39
-58.81
245.28
22.47
-435.40
240.78
-118.28
61.61
495.25
-15.98
-412.88
-171.12
-68.87
145.99
-466.48
167.04
-133.32
44.27
468.33
254.20
433.34
-63.06
131.31
-221.99
-375.87
224.56
-133.49
-276.67
-198.12
-432.10
244.82
499.81
-301.41
156.83
-451.38
170.74
352.98
-379.77
363.12
-356.89
-310.20
461.96
-495.90
-487.95
161.39
448.92
-383.68
-214.31
-205.36
405.61
176.83
-243.84
117.18
425.31
290.44
-142.37
-190.17
471.26
330.37
-240.78
-405.42
-136.03
-306.55
187.07
139.70
-345.57
207.84
499.87
168.83
-105.91
152.45
-19.20
-476.22
297.74
-313.33
-258.80
287.21
256.85
339.56
-66.06
-40.42
-34.84
355.41
59.91
231.76
-304.62
-19.25
392.06
348.94
-424.60
97.67
-444.73
253.99
-196.09
-451.87
488.16
-255.85
105.28
28.18
-298.03
-117.60
-121.85
177.75
-260.27
383.47
-125.65
-417.63
-78.64
-19.82
-165.87
-228.62
-293.62
-279.67
-152.37
-172.30
212.41
-471.54
-41.68
441.49
182.83
385.56
28.27
94.08
294.15
262.14
252.00
-17.77
284.90
410.29
-37.14
-364.16
-89.74
-471.61
-177.14
-319.20
-201.10
419.78
-288.34
361.50
-350.69
-362.59
61.50
158.86
370.61
258.15
447.47
463.78
44.65
-70.84
-95.89
344.34
-163.77
278.25
-364.69
-110.66
-409.76
-456.88
-220.04
-231.37
-20.41
478.69
381.53
-315.77
-436.14
42.64
-161.92
-181.78
23.94
107.94
81.17
158.37
411.10
32.47
-435.76
30.71
134.21
278.88
-1.09
79.61
61.95
106.39
400.01
128.66
170.44
439.24
-59.46
-207.56
149.55
177.15
486.33
-177.98
-459.15
401.56
319.07
194.96
104.21
-389.26
280.24
-357.54
-245.50
125.56
160.02
-276.95
177.30
-83.71
262.96
-345.12
494.01
414.53
-364.77
-340.50
-158.29
417.35
320.53
8.00
223.46
207.76
-447.97
124.03
-160.78
334.16
88.22
462.69
-385.36
-490.09
-471.71
-137.80
-454.34
-200.60
393.83
-198.12
-118.40
-6.49
79.88
455.80
70.57
-352.77
-269.35
-427.63
76.74
314.57
-195.94
94.50
-188.12
18.30
-257.72
-173.63
-476.70
-437.73
-171.11
34.54
-266.78
456.11
-382.75
499.00
-483.93
333.23
-240.64
405.54
-204.10
32.89
208.36
-288.51
-50.91
-12.66
-212.11
154.50
-397.91
-176.71
-405.93
301.00
-92.94
308.94
-324.72
-98.61
-265.57
461.37
247.95
155.39
-30.56
342.54
-284.77
491.83
-18.17
44.00
415.45
-384.31
-283.95
-388.01
360.71
-420.22
42.20
294.72
-389.63
89.70
-217.70
-183.37
-46.25
-118.52
241.53
149.93
396.75
-264.92
-93.02
-225.14
48.11
54.66
291.22
488.59
444.90
-76.23
-439.28
-165.60
-302.53
-277.06
-246.25
-284.98
-299.11
359.65
477.68
-147.69
-175.64
155.34
57.46
-146.50
363.62
-303.14
-288.59
-382.14
-499.05
331.10
131.30
-98.22
-242.85
-242.73
262.36
-212.57
100.94
477.49
65.31
-195.53
-455.65
21.20
446.12
-12.64
-239.59
-203.07
-419.35
88.46
-490.93
375.58
395.33
-238.83
255.59
495.44
271.69
348.21
-57.93
285.50
475.33
470.76
387.87
-430.83
-123.41
346.22
-474.58
-198.15
407.41
6.45
-41.49
72.77
-367.65
185.42
407.43
303.46
-312.64
335.33
381.57
241.11
-219.12
-260.08
42.02
-22.37
-353.18
-312.24
-245.29
-390.86
493.26
252.91
26.39
-195.12
185.79
-199.43
-253.75
-438.53
117.35
-161.29
94.62
493.25
-231.89
125.58
-6.85
199.07
-188.19
375.98
-138.82
-109.82
33.09
465.70
384.63
-210.69
-110.21
196.27
-155.45
-242.37
366.07
-43.88
151.95
337.50
150.99
442.93
-351.36
282.76
-379.31
-153.82
-8.85
311.44
-403.85
189.00
-219.29
-476.17
-75.38
302.93
11.31
-81.40
83.38
23.97
99.65
298.92
-76.96
-387.54
-114.62
-44.95
-396.51
132.62
-8.01
-345.86
-12.07
-95.73
-49.12
-234.67
-252.31
359.16
-337.17
-80.73
291.32
218.06
469.92
-126.41
-226.68
-124.35
-304.83
-482.67
489.53
-68.84
185.70
299.55
146.55
241.90
96.66
336.47
-463.27
170.52
74.01
394.08
-361.24
-411.94
20.64
209.28
213.94
430.93
-84.66
-210.41
-169.20
217.60
-89.24
-90.56
465.31
301.12
159.13
109.44
160.20
409.94
-213.95
-71.29
79.77
-460.57
-432.85
51.77
184.29
-428.63
33.63
298.43
-406.36
-370.90
322.33
-67.29
350.44
407.14
-206.64
276.18
-352.50
38.98
121.92
313.75
-207.05
-47.15
-99.09
129.28
-343.44
231.79
-133.82
219.24
316.29
-487.04
180.30
35.69
89.78
-67.29
-134.37
361.17
-60.13
-197.14
-180.63
-372.01
497.92
-289.12
378.15
-375.30
-100.39
446.91
58.12
-158.38
93.63
22.89
15.20
-135.89
-326.19
61.04
220.94
243.37
-2.62
372.47
-68.55
444.92
-464.68
363.18
-478.14
233.39
-315.68
-221.30
112.82
-305.24
276.77
341.27
155.12
375.55
-195.23
141.07
424.61
462.88
-331.88
-476.79
484.60
-477.54
-52.78
-26.63
279.34
-480.41
-238.25
-261.12
-379.51
209.06
285.26
-372.77
-274.94
450.23
141.60
-233.67
351.38
449.33
344.82
8.21
460.15
20.40
-99.60
-250.88
-157.63
-351.17
-41.75
-189.21
92.72
422.83
167.34
315.11
244.27
-165.90
-302.72
-78.88
418.23
-215.12
381.21
390.89
424.81
107.14
191.97
231.18
-376.46
-231.90
-363.19
469.77
166.27
-433.11
189.24
-455.92
301.22
164.99
-327.87
-365.96
-358.34
468.38
127.43
-23.77
-113.14
25.57
352.83
239.18
243.48
-257.31
-343.61
393.63
-50.69
304.14
274.82
-226.68
67.68
-112.55
421.82
-489.78
-155.76
-380.52
159.56
353.49
254.72
-477.65
90.23
-93.33
-386.53
147.76
247.09
-425.21
328.52
165.42
-436.11
247.81
113.33
-286.76
-191.57
299.87
-60.23
59.53
-39.68
301.83
401.52
31.91
-21.80
-270.82
-327.31
-13.10
-270.19
-66.00
-60.99
-427.70
433.15
-168.13
-366.70
-494.49
357.55
316.00
-103.22
482.16
-101.86
-221.58
-351.50
459.79
402.19
166.46
-98.76
-14.17
371.73
-298.54
-21.02
274.90
-334.43
95.76
-268.35
178.98
439.32
16.02
-368.99
102.74
-224.65
-288.60
317.94
-491.38
-486.11
148.99
268.92
177.12
26.17
447.94
497.35
-48.97
228.03
-273.54
257.54
-165.46
-191.82
317.93
361.49
-273.95
-302.80
-190.92
137.20
1.93
110.58
-392.79
54.38
97.73
-113.11
-246.19
48.70
269.84
80.40
-333.70
-162.76
-366.20
-254.98
222.16
249.34
-219.75
-291.36
-176.04
396.06
-353.30
-106.97
429.60
-21.90
-272.23
244.61
182.16
221.01
-117.73
-361.78
415.03
6.10
-306.04
-285.41
334.67
-192.96
45.15
-205.30
306.15
330.15
-291.93
299.47
-74.37
360.12
109.85
-28.86
63.97
13.21
130.11
-471.80
1.06
416.17
46.09
382.63
-166.51
62.18
-93.16
412.13
-193.84
165.15
-103.89
14.46
331.67
269.30
-10.26
-350.17
-290.96
-342.40
-59.20
-288.12
282.37
371.77
462.26
203.70
156.43
374.43
-283.08
-244.90
413.17
153.99
-212.00
-446.08
-41.93
37.15
123.21
468.70
-348.93
434.84
-436.90
496.46
-363.38
-138.70
-396.89
317.62
-472.20
-479.62
376.38
118.77
137.93
-466.56
-475.84
272.51
228.39
239.81
450.20
-248.35
-154.64
-440.88
-307.04
-450.51
-162.20
9.71
167.73
343.66
74.43
-244.28
-174.86
393.32
-284.86
277.03
68.16
-63.03
-49.72
-244.27
-459.87
215.55
356.13
-249.31
-445.50
-339.37
-28.54
-106.48
98.23
-150.03
167.98
239.67
-57.24
447.14
-272.91
-92.32
247.13
394.67
199.59
383.73
-382.53
428.51
482.15
-447.89
225.71
-471.98
-84.63
-181.50
-270.19
-369.25
146.47
303.38
491.22
338.49
-441.89
179.21
351.67
470.79
-41.82
-434.15
-385.40
312.99
269.33
-483.21
-150.01
71.70
388.67
-307.44
309.65
430.64
85.86
-144.65
-402.41
-313.44
68.59
14.77
361.55
-159.61
-397.79
383.65
-433.92
462.99
-304.30
-161.87
471.11
-366.91
-42.25
178.37
260.83
-53.28
-487.06
390.58
375.25
-282.01
289.46
125.34
218.03
284.42
-206.01
203.67
-60.11
-448.00
443.76
330.05
474.33
345.05
-180.88
-352.06
-167.50
128.95
227.88
-78.22
-303.58
333.54
-54.49
334.58
-332.58
-136.68
-155.59
203.15
465.78
-383.34
71.70
-79.18
347.89
42.26
-43.56
442.32
-304.92
-252.99
244.52
-267.96
-137.06
253.03
-12.63
16.03
174.88
39.34
-224.06
255.89
456.18
493.52
-208.94
83.99
-354.79
-369.25
438.15
-98.79
-181.65
66.86
-368.00
345.71
198.66
225.09
-378.39
-283.49
-216.28
-386.17
-71.57
182.14
347.69
415.64
-419.49
-165.23
79.53
-204.89
71.34
398.79
397.35
377.87
-432.04
291.80
152.86
346.48
-253.82
269.34
341.40
-8.29
492.07
-302.40
11.56
491.45
175.95
-64.26
-167.59
379.81
137.85
472.70
-81.50
431.66
469.01
-148.48
-406.31
-217.49
109.84
-199.96
-88.71
443.42
-160.63
176.54
366.05
446.53
243.66
185.89
-192.99
320.56
-440.96
-172.44
-79.51
131.98
-12.49
313.16
335.60
360.65
-425.21
-138.93
351.10
307.25
-288.72
-396.62
449.15
-70.04
341.15
69.01
-423.95
408.53
-86.97
-144.98
402.87
368.65
-311.42
432.79
-251.15
-267.65
103.82
183.38
10.27
-180.13
345.61
115.52
-131.35
116.09
-243.81
414.61
373.48
157.39
-196.95
-450.14
110.39
161.88
168.19
-33.65
428.42
154.71
248.07
-361.82
-22.62
289.86
357.72
-260.30
146.18
-44.17
218.35
-310.80
-162.12
56.41
439.13
302.15
24.10
-266.15
-331.42
169.26
-259.65
-187.58
147.71
-31.70
-394.77
325.70
-395.85
-315.49
-450.21
-392.37
23.37
-275.31
190.66
-167.43
-230.69
360.16
378.53
391.83
-331.64
486.92
-10.08
419.73
-194.37
69.58
-332.41
-75.47
-442.97
-426.53
-495.67
381.21
-195.30
-90.54
-301.87
111.71
93.58
-147.93
-40.84
-356.00
308.19
415.37
-72.25
-108.54
-30.53
85.61
388.81
-496.48
330.89
-269.26
-327.07
-347.87
437.69
225.30
-16.71
-153.04
-136.92
-244.72
494.94
-99.70
-162.34
-405.54
-95.22
-326.96
-435.34
-443.91
-36.20
315.03
-290.62
61.65
-464.08
258.95
392.68
-167.12
249.85
-198.53
315.94
-311.00
118.55
281.78
1.34
-50.54
-34.52
71.81
-329.77
-6.58
450.00
131.89
-154.05
-203.95
213.35
-219.15
-443.76
-363.45
228.34
119.23
-266.82
243.76
96.96
-422.13
85.74
-473.68
362.61
-109.86
134.14
211.08
118.18
-246.01
-385.97
-84.34
482.64
-455.64
-474.10
-34.61
27.02
-387.57
103.74
-286.03
248.90
-28.68
-415.91
-223.64
220.00
-224.28
84.64
8.24
-115.16
86.80
-390.99
313.58
242.75
463.99
-156.43
87.44
88.48
188.89
-192.99
287.24
220.04
273.86
-264.46
-391.23
-224.96
53.28
-129.95
380.47
0.14
108.96
317.30
343.77
-56.51
-182.22
-309.03
-436.52
-152.76
269.46
250.36
-279.34
375.01
-320.31
-136.75
-86.22
-191.95
-28.56
351.08
-197.10
-448.72
350.31
244.11
-237.75
9.34
252.77
116.72
398.00
-209.50
414.68
131.55
-4.47
179.94
-463.95
338.52
130.12
-110.80
319.55
305.54
426.66
-248.18
383.88
-245.89
-435.95
-132.18
497.17
379.71
38.59
-50.43
181.19
439.39
-486.86
-60.23
359.43
-140.84
209.17
-476.10
-42.28
-264.65
-240.54
-415.11
174.52
-321.60
-233.83
37.41
441.49
-150.07
199.02
-114.17
195.20
-62.78
412.39
391.19
139.80
-341.68
246.03
-57.70
-347.49
414.62
-421.19
436.48
-255.03
-413.41
-204.55
-154.41
9.32
-39.03
-388.47
-145.52
-79.60
-342.24
104.13
-193.94
422.79
234.89
363.04
-376.97
430.19
234.17
-148.27
399.67
-226.34
-82.20
-450.99
438.53
244.48
230.69
259.74
-214.03
41.47
120.41
-243.88
364.27
-142.68
314.49
355.41
-382.68
438.97
490.21
-132.35
-380.45
303.73
98.64
-64.53
1.66
-155.30
435.65
-206.93
212.31
-464.42
391.36
240.06
340.40
-170.00
-193.29
-401.63
390.96
100.97
194.66
-483.80
-446.72
-141.03
373.74
199.86
432.82
-250.94
-330.28
-478.15
-170.48
95.37
267.54
-423.90
415.40
-336.17
-114.68
131.39
244.04
-485.25
99.89
437.86
-351.48
72.64
267.95
472.34
-183.95
-119.61
-435.33
303.47
185.70
-390.03
-456.13
-209.23
110.47
199.20
-223.70
-354.60
-256.55
-224.72
478.05
-102.26
-313.15
84.99
392.74
-185.92
-163.93
15.36
226.99
111.41
63.33
120.32
491.62
-250.43
-134.64
318.27
287.45
-352.87
-235.36
-226.29
151.50
-202.51
208.88
33.85
226.74
-244.58
465.31
-89.67
-469.02
300.51
-206.00
132.13
65.08
133.39
-90.05
-365.35
-276.99
-209.26
418.98
-193.86
-223.66
-13.20
-452.18
-296.32
-494.40
454.75
192.04
26.27
460.64
402.44
-99.05
-330.06
-297.49
386.45
-72.93
465.61
-474.29
389.16
198.22
-478.91
-492.85
142.38
354.47
-285.20
-274.44
351.11
56.84
-11.95
-118.11
408.40
125.00
449.48
44.41
-185.10
-219.45
411.00
165.43
380.21
-264.24
318.21
287.95
-468.04
-129.45
-38.87
475.14
438.00
106.49
390.48
318.39
43.50
163.97
452.34
88.39
77.07
343.14
372.53
101.46
-458.78
-460.62
-395.82
-209.33
269.38
-197.27
-326.69
-389.86
429.37
-202.74
-470.20
-386.98
-56.81
-370.08
236.22
-246.45
-137.66
-248.26
318.69
-69.94
-263.89
396.54
177.93
-340.61
-499.27
-417.23
477.10
470.27
405.40
243.64
385.59
129.71
44.53
83.16
326.48
425.31
271.89
-68.11
185.51
157.19
-394.55
276.16
299.61
-264.25
-102.28
-451.71
462.97
-112.75
-41.05
-241.92
193.07
-424.67
-481.30
-346.93
113.17
-353.98
130.57
482.89
395.75
1.04
-416.52
-423.39
-346.77
-241.08
51.36
-342.91
212.75
-183.01
268.73
127.04
307.41
194.52
236.36
-6.45
-155.57
382.46
-30.61
-307.63
132.34
-3.09
51.88
50.56
9.91
151.86
449.65
158.52
-237.89
-31.65
161.72
291.46
-227.02
244.81
142.84
-422.61
-37.68
-349.09
442.22
85.35
-199.36
182.07
323.97
-57.07
-361.04
338.23
348.78
402.04
-322.23
-478.82
-89.54
35.40
-410.38
-326.74
440.00
-142.67
52.71
353.36
179.94
299.34
-139.62
-33.38
91.87
-150.10
287.79
-417.32
198.18
411.34
369.31
-74.09
-57.72
371.55
-178.89
-381.08
374.41
126.27
237.55
-15.58
-493.15
-110.82
-428.58
-414.60
401.89
-293.25
-20.92
26.22
-263.58
-434.21
181.53
33.02
9.62
277.32
164.19
208.31
-173.79
437.27
-403.08
346.99
475.62
148.10
167.19
107.95
-207.74
-241.77
-108.59
28.27
-32.43
-82.68
-113.18
131.57
-468.92
-113.56
-444.70
412.39
-270.73
-99.92
-67.01
-254.27
144.60
-103.83
-237.76
-259.37
-118.55
-241.57
297.82
-493.79
-368.66
51.59
-12.89
-109.76
-208.10
215.07
-239.45
-383.92
-368.22
280.01
153.72
-49.77
303.44
110.71
-98.29
481.14
-448.74
477.82
68.72
52.04
-412.44
-39.42
-288.74
306.14
-455.62
168.63
-392.29
-474.57
99.41
435.92
77.06
29.58
480.80
-229.72
-338.57
231.14
-121.11
414.10
-337.81
-191.96
336.65
339.77
62.49
-123.66
-124.24
-361.76
-243.20
-17.84
-50.60
208.47
-421.71
-145.19
151.36
34.17
-403.61
-251.32
149.72
29.21
-355.29
-446.94
58.99
-170.17
156.87
-36.07
-498.62
168.62
-346.40
-209.15
207.74
304.46
-64.52
-47.93
-102.71
81.99
-130.23
128.35
-85.80
-104.00
368.37
-419.57
-298.45
-88.31
395.09
-131.09
254.54
-154.53
-488.96
-454.43
-312.63
264.18
280.06
44.43
320.92
-82.68
271.71
355.07
374.89
-486.78
101.47
-259.13
-239.37
-365.67
-380.17
-300.56
-214.08
293.43
-140.14
-476.17
16.54
-442.63
49.29
-171.55
163.62
465.47
485.85
189.47
80.67
137.97
37.08
332.45
148.69
23.69
222.27
-495.58
-319.84
353.94
174.13
208.54
-52.44
-426.78
-359.79
90.45
239.63
-473.43
289.30
-418.79
-268.35
442.49
432.46
477.28
460.03
-68.58
10.76
227.91
373.55
-65.77
-428.84
-93.98
-277.28
-124.87
76.66
-432.49
-449.58
-102.98
-360.62
375.49
463.66
446.82
-67.24
-189.52
-449.21
186.66
-444.32
-274.68
357.91
126.82
-11.27
263.45
307.47
191.27
223.93
-69.75
179.51
-433.60
283.99
-452.89
383.82
-40.41
-134.15
106.12
93.30
307.81
-214.84
382.49
-56.07
-128.27
279.37
477.78
-484.13
64.08
-379.12
-76.81
435.62
-11.87
331.77
258.65
-280.59
-61.27
229.87
181.07
288.67
-247.14
293.54
400.22
-389.63
-76.72
-183.31
-344.96
-10.34
-425.94
330.45
-40.26
-179.82
84.07
165.21
-104.35
42.21
-333.70
172.01
-439.41
452.87
-404.27
427.32
-119.55
-205.19
-311.04
-290.81
-145.88
492.58
-30.52
-258.99
-20.43
-391.48
-325.20
138.61
144.23
443.12
-23.67
-433.70
309.05
233.49
18.69
-150.45
-122.37
-61.11
-434.88
200.73
-28.33
471.58
-32.38
-469.38
193.01
267.06
-403.14
310.73
-360.15
-107.42
484.25
90.45
-425.23
-374.52
153.11
137.71
454.46
71.51
372.78
97.82
-299.24
476.82
-426.96
340.98
-1.27
-472.52
-434.10
-376.23
-197.27
-400.71
-109.83
66.55
265.45
-309.44
438.48
168.87
-148.38
-471.22
-477.85
155.33
266.88
256.88
309.19
-52.97
-83.48
136.75
-433.16
-481.16
-139.51
396.62
169.23
77.14
-106.93
-302.23
85.36
-168.37
-412.73
373.91
251.41
-393.95
-290.50
132.43
-56.39
84.87
351.34
216.90
11.52
58.20
336.12
-213.27
256.08
-163.86
-465.19
294.62
-485.72
-285.85
-226.68
-84.81
-17.11
343.23
-359.19
36.89
311.90
-156.56
469.55
-103.24
-429.99
-290.76
429.28
265.89
256.22
-255.35
-149.97
-26.76
-147.86
400.69
231.19
-302.73
74.31
387.84
-37.64
-4.34
-224.21
-317.73
171.78
-198.93
370.47
-85.39
402.47
25.22
412.93
212.02
41.68
-55.61
391.86
-297.10
-265.38
241.26
-118.94
-239.65
-240.14
146.90
-424.56
-1.50
405.04
107.91
-74.28
290.70
-422.16
-131.24
-474.62
387.63
387.02
-312.04
-462.14
-425.78
-310.00
-322.33
-210.50
263.41
256.96
-207.70
403.78
70.89
311.76
-208.19
-403.78
499.28
205.96
174.65
437.93
-125.87
432.72
-328.77
-345.17
232.95
174.53
168.89
284.16
95.11
58.01
-310.13
-197.91
-357.96
231.55
-202.88
-181.79
-290.12
-42.61
86.51
-438.41
-54.93
372.56
-126.90
345.05
-218.12
422.43
152.82
363.31
-272.77
256.39
-56.27
198.94
-165.64
226.24
418.16
347.49
-167.57
132.56
239.94
304.88
-6.79
79.88
464.48
357.64
-8.39
-237.85
249.42
169.85
444.64
416.17
19.02
240.24
229.80
474.64
251.65
-70.19
454.54
125.57
-477.10
-65.56
-115.71
77.77
-11.01
266.22
11.16
266.55
-251.63
-409.49
-281.05
319.98
-240.81
132.67
-437.85
-60.14
29.44
-440.47
376.73
448.91
485.60
251.58
-341.16
-173.53
241.92
-237.96
311.25
2.81
-311.01
-164.60
83.81
486.81
-23.38
-406.18
-338.35
292.24
-52.67
13.46
-321.77
40.59
225.37
-482.04
4.79
479.37
-107.61
38.01
222.53
67.27
292.68
-73.72
-335.93
109.71
-321.69
48.65
23.50
-35.10
414.70
-211.63
109.66
-391.53
491.01
-230.76
-242.59
-242.50
469.73
1.73
294.32
-57.69
-482.16
395.79
359.79
384.22
-406.24
-137.37
160.10
151.26
-318.19
-244.61
-236.53
280.73
-273.36
158.30
216.15
213.08
323.89
-309.95
133.84
446.71
358.50
-26.81
486.96
-349.07
306.42
383.15
-423.28
-60.51
-82.66
441.23
-286.96
-68.83
-88.96
466.96
280.04
75.47
418.89
-445.79
-252.33
417.79
-75.38
90.80
-79.99
-412.53
79.91
103.13
-8.13
-154.43
-357.48
-117.69
316.49
-2.76
234.32
465.15
88.48
-98.78
-314.32
489.58
269.53
227.97
-328.75
-209.90
-114.28
-280.99
-436.75
-84.70
-82.22
-211.81
-339.28
-182.49
-372.52
-334.08
429.55
249.56
-426.36
416.69
254.94
-260.87
196.29
-281.00
-318.37
227.87
-445.89
-297.02
-290.16
-415.81
120.74
-33.83
89.22
325.02
-157.28
-268.87
57.52
141.61
490.97
140.95
-493.21
-14.35
-20.42
481.61
-222.77
366.57
240.64
-44.81
336.19
228.52
-272.90
-430.33
388.31
453.11
-353.57
212.67
-278.51
-312.26
-161.49
-367.44
405.45
339.18
-153.22
366.09
-205.14
-279.97
314.66
29.55
-444.13
424.35
-197.25
-485.37
290.90
236.51
452.71
-412.85
-140.74
-262.72
-385.44
414.53
-472.77
499.88
422.33
-210.21
-96.72
53.83
415.92
98.83
244.49
313.54
155.80
-82.35
-85.70
-266.92
-458.49
252.15
219.40
489.61
-254.93
-37.69
-173.42
-424.70
-189.63
22.71
-432.08
140.59
315.26
-362.46
-12.16
-147.10
283.30
-414.29
212.50
-393.68
366.31
203.78
480.02
465.27
128.53
218.22
433.70
343.02
35.62
465.10
228.64
391.16
48.99
-186.58
-313.30
202.93
182.71
-91.69
108.01
92.73
455.61
324.07
-484.83
153.68
-91.43
407.54
-98.20
-104.50
17.78
-245.40
-58.98
-423.86
280.22
-301.83
-221.49
-132.39
65.82
-207.87
286.28
298.57
332.56
-159.14
-472.40
-321.54
-414.57
108.09
284.24
-470.08
432.16
-257.65
200.76
62.02
-50.13
-346.57
253.80
366.29
258.97
-449.94
176.89
-219.24
39.20
-168.29
-161.52
-312.32
-263.98
23.56
40.74
-437.38
-69.98
27.99
-222.52
477.74
166.72
56.11
-403.64
-425.66
404.46
-212.95
-30.44
204.96
98.51
-442.59
-381.93
496.80
-44.02
418.66
22.95
-35.84
-359.45
-435.84
481.94
-106.63
110.67
82.62
-43.23
155.97
67.56
267.73
237.07
-139.83
98.76
-496.54
-360.46
-238.79
455.18
296.35
15.26
294.32
-170.43
223.97
0.46
335.66
376.01
260.37
318.47
383.93
-149.31
-10.91
354.69
-327.56
15.43
170.87
17.91
141.78
166.68
468.47
-65.30
-199.69
-235.42
-410.49
54.37
158.25
-322.94
-368.99
-179.86
260.88
-113.95
454.08
100.36
-405.39
-246.02
-438.79
-51.51
-456.13
-49.62
-25.69
491.20
133.88
417.97
-183.83
242.56
-282.32
109.73
-79.08
-249.16
-367.92
-331.38
41.44
325.65
-72.18
-355.20
447.19
421.34
-26.88
33.95
-332.82
-205.11
-368.88
163.69
-199.03
410.08
-467.48
7.60
-434.59
-55.76
459.14
-339.12
427.76
-137.58
-3.63
465.00
-201.63
-5.31
129.81
434.49
-121.73
-168.73
356.37
-192.03
401.26
-60.77
305.27
-191.35
-399.75
136.74
-163.48
-225.92
143.29
-22.72
93.44
73.39
-182.55
-87.99
422.73
296.58
147.23
-67.59
-86.40
-74.80
-303.06
368.89
162.63
-481.47
-473.78
-315.92
333.36
486.47
-334.19
-164.75
419.23
-48.21
-121.01
31.72
255.19
0.75
-153.18
-446.76
115.45
87.73
399.64
5.68
70.44
426.87
272.77
46.92
107.28
5.94
323.74
331.95
447.23
-133.29
175.20
315.72
389.50
-13.56
100.12
488.82
358.33
401.31
-455.64
432.19
197.73
-58.54
12.30
2.58
313.66
125.33
487.64
-262.54
258.77
-282.62
-23.35
-318.09
358.80
-257.54
-124.52
-218.96
354.58
182.02
-35.14
-192.73
-126.52
56.11
-409.96
446.40
-223.58
207.20
185.77
-30.14
-61.07
-116.33
173.07
238.34
293.05
488.90
-357.15
468.48
147.03
385.78
-95.26
-48.95
394.22
-388.03
-220.58
-314.41
174.23
319.38
437.06
-71.63
368.11
366.33
-180.39
237.36
423.78
352.89
467.50
227.60
237.89
435.14
138.13
216.30
-356.55
122.37
-386.05
98.75
-447.08
-27.01
99.18
257.99
325.39
496.40
363.12
12.82
-198.68
156.27
-431.88
-196.63
248.20
441.21
166.81
189.95
-398.76
-127.31
398.87
82.18
-53.38
-269.22
416.32
83.70
49.84
-140.45
143.20
363.16
296.17
337.68
-466.58
-400.28
-255.11
-6.87
363.41
75.77
145.99
45.12
299.30
-231.52
364.70
26.58
-394.13
453.70
-97.43
344.73
-116.68
-396.98
372.08
215.89
-119.25
-478.88
-397.38
215.77
410.73
-274.03
-346.21
-212.86
-9.18
68.34
-258.95
-447.50
11.47
313.52
-185.07
163.37
301.41
-127.37
210.47
247.31
417.70
287.47
-32.12
302.91
-154.60
-349.57
92.31
359.43
219.73
220.34
226.49
-66.36
493.04
264.01
251.32
-81.19
-415.56
266.32
172.81
273.47
361.19
-351.47
-148.70
-114.96
496.57
-350.12
293.28
-19.86
-110.97
-395.68
-48.33
422.65
246.87
65.35
153.49
449.67
-464.17
-121.90
244.83
403.04
205.69
-112.79
-490.61
34.72
-251.92
-145.54
207.70
277.22
-355.36
-445.98
377.86
-278.86
-366.62
48.39
295.55
359.27
-298.96
-78.53
422.60
445.37
179.65
362.61
123.86
269.26
305.22
-101.69
-15.56
5.52
14.03
-170.71
-406.23
88.68
-93.60
-305.44
-490.23
-6.41
-207.21
-6.36
-408.97
80.70
58.47
-441.46
366.48
-70.27
-198.07
185.05
-57.43
146.69
189.33
-243.69
-37.50
119.80
320.26
-184.98
464.98
-374.06
62.96
-283.29
339.10
336.73
381.85
-308.01
103.91
-474.20
18.01
91.81
243.27
63.50
-181.50
-149.41
-71.59
415.35
387.97
-8.34
-123.68
-460.19
-125.87
394.04
-234.69
-424.76
-225.47
422.65
-300.89
-248.92
-424.27
-475.97
-351.72
-218.33
251.91
-488.21
262.17
-28.54
390.61
-104.02
267.74
-461.08
-420.71
-28.86
427.78
21.52
-374.91
388.92
-131.80
-71.37
145.30
-73.61
340.26
-58.72
485.20
102.96
-190.82
424.22
201.82
-285.31
-137.78
-479.45
375.97
69.77
360.29
138.26
-209.49
-163.82
-316.80
-186.08
-273.99
80.78
72.87
250.07
376.77
-327.98
-238.04
320.68
-145.25
-212.06
323.89
-66.88
-275.81
-366.10
-389.51
-217.18
349.33
395.63
-259.57
259.64
437.88
-89.47
1.90
-145.75
277.64
-333.90
376.70
-171.00
-435.95
-15.19
1.42
415.37
-244.18
451.92
-225.29
-256.50
203.30
222.67
491.34
186.57
-79.12
-59.34
317.71
-492.37
140.57
283.87
9.00
-392.53
342.60
163.62
-32.15
-103.79
4.10
338.35
-416.44
-388.29
89.67
-472.06
249.03
251.68
-34.28
-398.93
338.85
-231.18
230.82
204.54
150.85
186.01
-326.00
-438.67
-352.16
320.16
-190.50
87.41
-426.40
426.32
-474.45
157.66
349.26
-314.52
-147.30
467.52
285.48
-185.15
206.48
209.05
19.37
233.24
-448.80
-311.23
79.21
-362.16
438.19
237.57
-388.98
-98.03
217.11
450.09
-141.63
-42.92
-476.63
-202.78
-488.27
238.71
78.04
-420.32
142.55
-375.03
-175.72
-120.56
-93.79
-430.16
-155.51
113.82
-78.30
473.91
465.26
-32.68
151.91
-412.14
-105.05
-349.15
281.88
123.15
302.94
325.86
-195.59
-189.08
196.56
-159.30
116.01
320.78
-444.75
-309.80
181.18
-473.82
187.70
-316.75
-385.52
-72.87
212.02
107.68
-84.37
400.89
-147.01
-472.69
-120.41
-289.72
174.24
-115.49
100.14
479.20
173.10
-94.78
389.45
-151.31
-480.35
382.13
157.18
457.25
-100.69
168.55
102.91
-58.48
388.04
369.15
377.32
-43.01
144.46
-70.44
-35.05
202.15
-374.38
85.78
387.76
252.89
3.38
-69.30
-184.78
-281.93
-272.85
2.68
272.67
353.26
-483.88
-462.16
253.22
-307.61
66.52
-150.05
-98.45
-236.74
393.65
-275.57
33.48
-369.09
-407.24
200.16
28.69
439.31
-101.25
204.92
-14.82
-95.03
-356.54
-415.49
63.36
302.17
467.61
125.92
-176.07
8.61
250.08
384.63
168.30
38.89
-60.97
-92.48
-387.06
201.72
79.27
426.50
-308.70
-261.41
-75.75
-64.62
313.84
287.74
-491.60
380.72
410.39
-421.55
267.92
-18.46
51.19
201.16
-406.96
-425.86
356.01
430.00
-99.53
490.61
446.33
340.81
139.96
-365.23
-277.66
-99.70
-51.86
-253.13
-292.46
-316.60
-399.22
443.21
71.47
144.70
28.59
-410.43
327.15
419.80
125.76
258.79
482.37
392.51
-46.65
128.67
390.05
-475.87
18.96
-408.26
468.25
-447.87
-324.72
405.86
-19.36
-21.25
357.85
290.67
-250.20
-111.35
-129.47
163.30
72.57
-104.88
-172.79
416.47
-316.52
-157.83
-288.31
429.88
-305.95
187.82
-255.67
277.56
-465.58
-153.86
-310.91
400.75
-137.13
-182.01
-237.64
479.62
132.61
-380.69
-321.29
-49.82
190.79
124.57
201.31
-332.06
-282.45
205.52
450.85
388.20
146.57
299.95
445.57
134.14
-370.75
41.86
-287.78
-370.83
-471.24
-391.52
413.47
45.58
-224.67
461.22
-113.17
-261.27
285.88
-399.95
447.21
266.86
294.06
-120.36
-237.81
51.48
-295.11
187.79
-177.25
198.79
-340.14
55.60
-245.86
250.60
136.68
-136.68
-203.24
-453.98
-476.43
498.05
-494.80
251.01
287.71
-251.99
-147.15
76.35
-302.52
322.31
-31.54
231.72
-315.60
-285.75
-318.48
-178.98
218.46
432.55
288.32
-364.05
-116.51
410.26
483.27
304.58
201.09
-214.06
394.45
455.68
-185.21
124.18
-397.17
-52.62
342.02
-74.69
175.71
189.26
-336.61
201.59
-421.48
-46.78
117.37
216.56
-320.15
-390.00
166.91
258.68
374.34
-279.47
-198.72
-397.50
305.25
-327.89
-3.06
-410.15
-190.59
-57.35
306.82
377.99
-384.89
-93.60
-274.12
353.21
-495.12
-206.85
226.94
-95.90
-68.95
41.86
292.34
31.62
-336.62
28.13
-484.92
-223.15
165.08
286.00
58.20
-3.90
269.79
-288.88
54.01
-215.72
-32.23
-329.21
325.43
-255.96
-50.99
-135.77
39.04
169.04
66.21
-336.06
-420.46
-134.76
3.23
5.03
-2.96
127.33
97.21
433.59
-495.58
395.70
30.48
318.22
-432.05
-66.10
453.89
386.81
-228.99
-23.54
-386.66
397.79
281.80
-139.59
-395.07
-36.81
-482.79
-94.82
-166.65
-279.16
479.84
449.39
-382.73
-261.54
-140.68
289.20
-347.02
265.91
159.55
-119.24
370.55
-385.91
452.00
374.32
-454.88
59.66
-166.73
377.58
-91.17
-80.37
155.35
-98.86
490.30
114.22
-107.66
-343.04
-318.38
37.95
-131.15
-363.01
100.62
191.32
-398.86
-184.70
-471.91
-324.10
-347.89
38.62
-58.24
-293.34
208.00
-243.20
-264.68
-294.83
420.11
458.50
-172.18
428.34
-363.14
276.58
-332.61
-32.85
279.99
-276.05
-151.52
373.51
1.21
-396.98
302.90
-5.80
-489.33
-93.12
335.50
120.36
354.35
465.02
-222.89
-129.65
489.27
206.06
-149.42
-255.57
-211.96
17.92
371.48
-320.50
202.94
337.96
381.25
463.01
124.61
252.17
-164.66
309.88
-491.55
-344.11
-373.05
39.29
235.30
146.71
316.60
-314.72
-474.21
386.99
-391.52
423.63
-440.40
449.53
311.33
310.32
-267.43
28.32
-446.72
-228.29
104.98
111.58
-273.60
172.17
363.26
-336.86
398.89
18.62
-177.08
471.52
241.09
-489.90
-416.00
220.65
-368.09
9.45
377.08
-374.09
-131.30
374.36
-415.79
-177.26
-163.69
-279.13
52.81
-208.91
-233.00
108.10
-46.62
-265.76
388.07
290.63
29.38
91.74
-335.47
-195.01
375.98
266.53
185.83
-365.10
309.63
237.56
71.97
220.32
-266.28
-4.75
-341.26
183.72
-426.86
207.28
428.12
36.36
264.24
327.37
-318.55
316.99
-125.06
-227.49
-189.36
84.74
427.88
336.89
-469.99
435.52
-453.57
89.22
378.43
252.38
-439.80
24.79
92.73
145.53
41.85
-74.26
245.39
24.92
44.53
351.76
-68.16
475.78
-390.36
-140.88
386.02
-426.18
-319.85
-127.61
-44.01
312.18
-495.72
78.32
-230.70
372.55
-456.46
43.94
5.88
-205.93
-155.69
-423.98
-293.15
-440.32
-214.04
-494.70
471.47
50.67
-487.15
-123.30
474.16
211.70
-405.02
-105.85
232.67
292.42
282.97
378.99
-346.03
-241.59
175.57
420.03
-259.25
-15.12
-2.27
444.28
-240.79
411.97
204.97
482.63
-395.11
-432.03
-333.14
282.10
146.65
-250.59
211.87
112.38
283.21
431.64
-22.44
-474.72
495.41
443.14
380.80
-373.99
70.01
-118.51
-152.43
6.56
137.68
441.17
242.09
-243.98
427.06
-440.90
-457.76
332.41
-290.07
139.79
-286.36
364.32
286.46
191.56
-453.87
125.85
5.12
-464.40
241.19
218.99
-120.23
-3.97
273.02
191.31
438.97
-149.49
347.43
151.98
10.20
-215.84
-113.27
256.77
-486.13
174.57
-427.02
-51.28
-207.08
187.35
390.53
77.15
476.56
177.68
374.66
419.24
218.91
29.47
406.46
354.93
137.31
-260.07
-84.10
474.36
482.12
-74.96
-84.81
-271.66
-477.25
-287.39
255.46
-131.21
-309.65
-138.96
-400.66
-481.92
-189.69
-219.69
-399.19
131.68
375.93
-430.09
-1.64
39.45
-270.41
-9.50
62.38
-399.73
-53.04
-63.58
440.32
135.02
373.75
-113.82
-298.41
386.50
368.50
-471.97
-437.82
-188.92
212.41
418.26
156.86
243.49
-25.88
165.13
-40.30
-124.70
496.74
76.38
375.99
369.65
54.33
-368.97
482.20
-476.39
-370.07
36.87
-54.12
450.78
-455.54
129.38
347.60
-489.11
-4.54
488.66
-310.78
380.00
-76.63
336.83
-40.12
279.56
-321.77
228.23
-338.33
-382.52
-75.21
-314.92
267.23
-388.33
206.22
-326.56
-306.18
484.64
-352.85
482.16
-477.80
-498.99
-267.03
-273.60
-181.66
308.69
-55.68
-8.61
-364.64
-6.12
409.85
-12.37
273.85
-190.26
325.89
124.49
-499.31
-60.96
-70.63
113.90
287.84
398.47
-298.93
-224.65
388.75
-255.77
-306.35
-141.29
440.54
252.46
-431.93
-55.76
111.98
20.07
-117.67
26.56
-451.26
118.80
255.94
-346.51
-57.40
329.88
-290.99
-444.53
-220.02
483.03
333.85
-433.18
37.98
-206.15
183.14
72.46
460.85
-157.74
138.72
416.53
423.21
250.76
-278.68
-298.41
-220.36
-173.89
-497.89
435.50
69.20
85.99
92.50
360.43
113.28
-445.12
455.02
-290.88
86.37
-105.12
126.43
207.80
189.51
123.77
-4.67
207.17
10.00
-75.92
-360.26
111.26
-344.38
-202.92
400.60
230.35
90.09
-295.12
-393.88
-452.16
-408.46
8.99
179.76
386.42
182.81
362.97
204.23
95.07
-301.94
154.01
415.46
-327.11
295.34
374.99
-161.56
-32.58
-344.04
-383.90
125.29
483.47
-394.31
-489.90
-274.15
-167.06
297.51
-253.04
-382.33
326.27
265.44
463.22
348.52
113.13
26.96
-272.58
-303.01
-283.40
-163.70
333.83
16.58
-282.97
-472.98
303.38
-382.52
-3.96
43.58
74.14
372.21
84.18
74.00
-377.72
137.64
376.90
358.52
-302.06
374.92
-207.51
-106.42
-408.26
409.42
-342.81
-297.31
-368.65
-2.65
-278.05
-62.84
-369.49
-170.00
-225.63
363.21
-216.04
53.66
-474.36
435.80
-485.58
93.07
-118.06
-59.68
-423.61
-239.94
91.93
147.27
76.11
-51.59
-451.64
-364.71
208.61
-351.75
-418.23
47.44
490.54
65.00
-251.50
-254.19
-12.70
-444.13
-302.01
51.87
-435.50
404.92
-490.61
44.65
-36.44
-1.47
119.10
347.78
-32.23
-81.05
231.88
-323.86
-10.36
-105.72
-256.01
138.46
205.50
-244.62
155.07
-308.32
-139.13
443.43
277.78
-60.16
-229.11
-274.26
403.42
-378.19
-406.73
-360.17
225.84
-161.63
129.58
-140.47
408.72
428.82
-468.82
-481.72
-58.02
-341.56
-39.15
60.56
487.99
-127.82
-428.46
219.49
410.60
-410.51
437.85
208.75
123.88
19.05
-207.68
-402.78
-370.44
-266.19
26.00
167.57
383.38
230.52
-455.36
130.27
-177.97
96.83
-66.71
62.73
246.49
-236.43
112.43
180.47
-433.87
-40.54
-465.16
188.20
276.84
-338.50
7.23
-299.59
15.84
10.79
80.67
-363.79
-232.22
61.25
429.90
-244.11
327.15
372.51
-291.26
-341.62
261.46
-212.22
-13.43
-95.65
20.36
-109.81
478.13
-104.33
-29.30
-378.21
-75.06
-178.25
478.61
-193.69
14.65
389.57
-82.79
171.50
-194.65
-412.24
68.26
-121.86
198.14
-161.25
319.54
174.71
-329.94
12.35
357.07
-392.84
-359.34
-183.83
-366.80
-341.08
-204.31
-427.83
-378.35
249.27
-262.27
401.33
-490.69
199.30
-191.23
-442.58
294.94
10.97
-26.66
-449.25
-87.03
320.62
-331.78
84.02
-301.67
-167.09
272.19
472.82
-338.92
-392.57
391.08
150.38
-224.57
-378.68
-146.13
262.59
283.92
-417.88
-484.53
402.25
91.65
-28.41
-493.18
-488.23
-397.09
-474.30
-198.66
187.16
352.63
344.55
-203.24
-309.92
-438.96
-193.94
111.77
-470.67
-254.27
422.93
416.17
-49.36
223.25
-312.91
-256.17
154.69
-61.81
-448.02
139.09
247.27
-300.26
312.24
-304.62
-85.06
470.33
26.00
-86.83
-14.01
-294.56
-181.80
105.68
348.50
434.17
-369.19
428.25
487.15
241.01
-362.78
-261.32
173.23
-445.18
-235.60
397.06
-346.15
-300.30
307.81
-227.47
-497.31
461.38
-188.14
347.34
-67.19
-316.37
-3.54
261.08
-88.49
-35.74
484.67
420.01
73.67
71.20
-195.62
-337.67
-108.85
29.77
-454.11
-84.34
-177.87
368.35
292.45
-355.78
206.70
431.35
234.70
-442.21
358.66
62.09
200.68
419.41
423.41
232.46
-13.49
425.66
-232.43
-328.59
188.35
-260.34
296.18
-490.93
451.68
-170.65
452.79
-11.50
-379.81
-153.53
73.46
461.25
-258.36
-260.05
-50.60
-3.84
165.80
-441.96
320.11
-48.80
-149.51
236.51
465.60
186.55
424.26
-148.33
-116.73
274.41
-362.45
46.61
-487.68
-104.15
-324.31
424.11
410.21
-437.54
-297.86
-174.89
362.24
-409.61
133.68
25.32
384.56
-178.14
-83.23
25.41
-155.60
42.18
69.73
-91.60
46.67
118.80
-168.57
347.78
-195.93
-76.30
112.73
301.20
-235.44
427.06
349.35
-206.25
160.52
280.41
-139.94
-222.38
221.67
181.52
-369.01
306.18
303.03
145.18
173.20
-163.71
-460.63
-155.08
137.73
-404.11
-19.96
-283.51
337.51
-211.37
-2.09
-16.09
-118.91
-436.63
-143.73
-451.49
181.74
234.81
-136.18
125.06
-223.63
-468.60
230.57
56.49
149.16
-377.15
307.08
-344.65
-28.10
386.81
243.91
172.69
-64.29
-68.82
-347.38
-81.66
28.14
259.54
172.47
-331.16
-343.52
450.86
101.38
19.47
51.88
-295.45
-193.42
-85.96
132.05
-300.78
-54.88
-155.06
-472.77
-157.04
266.95
360.29
217.08
85.93
481.42
197.68
-85.19
-32.94
-182.63
419.77
153.57
432.23
70.22
-94.19
-24.61
-60.92
381.00
218.15
85.32
224.35
-451.50
-95.38
128.49
466.44
97.54
496.88
-396.46
-195.84
-186.61
36.12
-364.72
250.35
-132.22
-212.30
359.08
329.74
-480.50
-398.99
147.27
-114.00
231.56
268.94
-201.63
-120.48
90.48
44.41
161.26
171.45
159.53
-287.17
403.63
479.55
-118.69
-165.70
-235.88
-301.47
473.45
214.93
-204.59
-223.34
279.85
197.53
-387.91
-168.81
398.15
-318.17
-186.31
380.45
-0.20
-183.51
-374.58
89.02
-210.29
-158.54
-333.15
-498.32
261.09
-217.67
121.02
-133.75
-403.10
267.08
-41.33
-327.22
-229.09
461.22
-93.48
442.09
-135.98
317.38
22.71
424.41
106.97
190.26
-335.47
465.27
38.49
-211.49
411.45
-478.46
-434.59
-184.21
-487.52
136.91
-232.05
77.64
52.47
-483.53
-352.16
-118.55
491.65
428.43
-468.01
321.06
356.07
368.75
-179.11
-371.00
139.67
-280.75
142.94
-61.94
-141.58
-51.89
334.75
-243.07
-144.91
248.04
-196.01
0.36
-78.28
261.12
192.92
344.75
-193.38
250.18
42.07
-132.76
-176.71
-172.60
267.10
133.52
-473.29
-207.72
221.89
-236.17
-258.21
363.83
-99.70
-86.82
-199.01
-367.91
-383.42
120.88
-62.84
385.50
-471.67
80.33
-65.82
407.66
80.45
273.24
-121.52
-474.54
-236.34
125.53
344.80
-220.36
-299.85
-21.73
7.32
359.02
294.34
-251.14
-467.31
-342.78
100.15
-16.66
-493.57
279.12
29.44
-235.15
338.60
484.10
471.61
-36.11
-164.24
-108.69
413.53
270.02
28.86
-392.07
-494.78
80.65
-473.79
87.36
-323.26
384.51
-8.83
379.85
-380.22
387.59
-164.11
-391.65
-272.14
447.50
1.86
-64.50
388.14
272.70
82.71
37.97
-364.31
397.12
-450.63
156.72
60.07
252.21
21.24
-299.70
158.11
93.66
-256.49
-192.15
63.61
-253.07
162.55
-441.33
193.49
231.80
-288.32
-453.42
315.78
-385.63
-135.77
335.66
-397.15
178.30
-219.69
-66.87
-346.37
-413.22
47.05
-390.19
386.75
279.17
-352.69
256.59
-17.38
-180.06
436.18
211.26
398.12
81.03
-320.12
17.24
411.71
99.27
-13.91
442.57
488.68
-250.49
-464.30
-204.58
-312.76
44.20
56.33
-45.23
52.87
-206.13
-182.95
421.59
231.12
373.76
-456.32
-239.97
431.89
-145.36
24.01
-420.96
-264.30
-186.31
363.81
-57.55
-478.07
-412.72
287.53
-352.35
219.61
167.78
222.96
292.63
477.52
379.63
-8.11
185.79
-355.28
-98.21
147.47
-183.65
-23.42
426.83
46.82
72.35
-51.65
-330.37
-355.61
23.66
-212.88
97.65
435.16
-33.34
104.92
208.70
-11.77
-391.50
141.61
179.45
315.22
-241.57
109.50
434.22
-142.44
-190.37
-234.81
-0.09
-408.55
333.54
415.20
-233.51
-177.31
-314.36
376.60
32.29
-134.38
-7.37
-179.61
383.42
435.97
-332.29
291.75
349.99
-327.20
-451.00
326.60
96.97
356.76
-307.33
273.80
-392.56
-469.87
-7.46
79.40
-88.88
333.21
-402.05
188.72
-405.63
-207.59
53.11
-138.61
418.19
432.17
352.14
-191.87
-325.40
-200.42
139.66
-173.45
224.87
147.58
-467.16
183.37
-189.06
194.04
417.87
344.90
436.81
370.17
155.43
184.08
-113.77
-368.05
222.47
260.99
-105.53
-415.77
162.22
-337.57
475.99
-190.50
436.30
25.78
43.17
-232.37
-73.85
-457.56
348.66
474.14
-77.87
496.47
-62.41
298.19
-51.61
-102.44
383.25
-144.43
-85.94
10.79
-275.42
414.30
118.81
-221.44
181.33
-250.71
482.53
-495.70
479.26
469.33
-347.17
137.13
-57.53
319.38
-47.89
216.25
-256.65
-121.52
-351.84
-380.99
298.51
322.26
407.82
-480.64
265.45
-135.21
-307.93
-7.15
-139.36
431.26
-14.66
51.80
-364.90
130.47
-148.34
-135.79
-369.46
171.58
339.20
-113.69
270.01
-322.93
368.83
-382.44
-112.56
92.33
-448.55
200.50
-219.88
-173.54
-13.45
467.95
-251.17
229.96
441.73
99.87
200.13
-6.16
-130.48
142.66
-48.18
-408.76
55.03
232.98
-14.01
-227.23
411.91
143.08
432.67
-437.58
-146.06
-412.80
-315.69
468.54
197.76
-328.28
415.27
-277.87
229.34
363.15
437.01
-465.08
-398.15
350.67
37.95
335.74
-331.91
-398.30
459.39
51.16
-158.88
450.03
196.80
-85.32
-184.65
95.69
-110.82
-472.19
-310.94
259.65
-258.94
-310.75
-162.11
-493.55
410.28
-337.59
499.47
90.18
-398.50
390.63
63.32
-354.05
-116.12
-376.86
-134.07
-184.28
-135.71
-332.99
453.55
268.64
359.53
-452.90
90.21
134.71
-28.36
56.08
88.29
265.84
-248.38
488.86
47.95
432.05
-457.46
471.36
325.78
133.80
-477.22
-180.67
-34.71
-293.69
288.13
151.82
-415.98
-133.16
-90.45
271.57
479.56
9.48
-439.93
487.45
105.69
4.23
-393.59
-493.47
33.42
461.34
78.93
114.36
450.62
-240.28
-384.10
325.03
-253.83
-269.05
-397.36
114.87
-162.08
-183.54
41.74
-114.20
127.10
-84.85
479.03
199.34
-161.22
-452.46
-13.07
-244.69
-156.85
-471.00
372.28
-200.07
-375.60
449.87
-382.19
-87.48
131.80
-438.89
53.33
58.90
-406.75
461.27
-60.56
177.00
283.13
-385.03
166.71
-185.80
120.16
-112.18
-472.87
433.75
106.41
-331.95
-69.15
430.54
386.91
-471.82
-384.74
-459.78
-371.47
28.08
53.71
-49.76
-70.02
98.68
-154.96
26.10
-211.19
95.72
378.90
-234.89
203.27
119.49
372.93
264.12
429.65
133.18
-314.94
248.50
260.15
391.74
22.60
-59.97
421.91
-260.01
392.16
-42.80
-181.71
-72.05
-312.31
-278.14
-231.59
-274.70
-312.86
-442.57
364.56
-428.42
486.34
-174.54
25.30
-173.84
450.70
390.08
-384.34
-255.89
81.32
-454.04
-437.12
482.16
276.66
317.00
-492.79
-471.40
370.36
-277.04
245.83
86.41
-214.93
194.91
-109.00
-192.22
-250.66
261.65
-451.16
-33.04
40.68
-143.43
-398.19
-100.14
-119.93
-21.66
336.26
-197.23
-181.14
130.41
-43.90
-361.30
44.77
-493.64
-305.81
493.80
-315.82
399.62
-358.39
39.27
105.51
-343.70
-416.06
-437.55
-167.89
-460.39
-264.88
329.56
-245.02
-196.78
53.97
-41.72
442.19
365.83
167.97
441.90
-387.80
104.50
-323.71
290.10
226.93
243.51
-2.87
207.56
-161.80
241.43
334.87
167.10
447.99
-250.89
-343.55
481.90
498.61
-329.15
-68.51
20.70
-274.39
-431.76
193.10
267.50
-442.57
160.48
-121.18
453.83
43.47
-219.49
-255.78
-53.42
462.53
-382.81
196.18
213.64
-286.14
203.07
236.38
384.90
-263.19
-449.49
-124.43
-222.78
304.75
152.24
-469.43
102.76
100.85
33.48
229.24
-229.87
-48.50
-427.64
-257.19
45.44
242.09
77.08
-159.81
-378.04
-411.73
487.67
-334.63
442.80
-65.64
271.96
483.98
10.54
368.62
-185.29
129.41
-304.58
456.97
-468.54
22.74
437.30
165.55
-464.58
-435.33
212.52
438.81
-430.64
-473.09
174.02
430.54
-12.63
262.85
4.40
-372.36
-59.02
336.00
492.32
86.70
145.49
-412.87
-328.86
-377.79
320.89
44.65
456.22
-248.70
-296.35
109.13
-122.44
164.46
373.24
-379.58
-457.05
186.59
108.00
164.49
153.17
28.50
326.43
327.57
458.12
-311.24
-147.83
237.45
120.77
123.95
468.96
16.18
342.24
-480.93
-9.94
392.47
-63.38
-177.40
-55.91
-174.59
-452.51
96.89
-230.06
-224.18
130.22
-462.36
36.04
137.32
113.94
-442.27
-339.65
-193.45
-206.16
-324.44
-396.74
148.88
-292.26
-99.33
101.59
310.91
279.03
389.10
163.97
245.01
351.47
-223.96
-230.68
317.44
148.89
-388.16
90.59
-40.45
442.09
221.90
-215.81
241.97
379.05
233.89
8.29
283.48
-163.63
336.29
-469.64
-391.18
289.16
-67.60
333.93
137.75
333.10
-365.99
-86.74
-38.95
472.59
394.72
-480.27
281.93
263.22
-21.34
-427.16
-14.09
94.55
417.28
-242.91
-417.34
296.91
-174.99
4.43
74.95
67.78
-149.30
204.32
72.13
481.64
-267.81
-470.83
-180.58
205.11
-400.37
389.74
-161.76
193.28
-427.17
-91.84
-24.65
412.21
-267.71
164.47
176.73
94.95
410.26
68.06
-481.94
287.98
476.71
78.61
-395.11
457.83
-399.82
-413.63
239.10
389.88
224.44
-208.58
-232.16
-3.20
270.28
53.48
279.63
-384.70
188.22
95.53
294.91
70.56
365.83
-467.39
-267.77
-470.34
-496.76
109.42
28.58
-212.94
247.45
321.35
253.57
435.35
-456.74
-327.63
30.87
-361.13
-174.53
219.48
-132.71
449.77
302.13
437.20
274.51
239.45
-269.04
-208.93
-449.55
175.13
-113.20
483.56
-148.08
454.71
-299.49
-354.41
57.93
40.43
259.84
477.44
496.90
231.67
-402.48
-34.49
329.15
-494.42
-486.32
-83.93
-431.13
-70.62
140.41
-21.68
309.80
-69.48
336.84
-365.78
152.08
361.39
-270.58
-222.45
-370.32
-220.63
168.44
-246.68
-4.88
246.86
-392.66
239.40
-129.35
-476.10
62.72
35.06
-329.74
-329.52
180.89
-277.26
-460.86
-146.22
290.03
221.35
87.99
151.93
-423.77
-267.16
133.13
241.54
286.78
444.58
64.20
266.25
475.10
-137.58
-50.07
-29.22
3.90
-253.73
353.92
121.45
286.96
-176.18
-290.50
108.35
-384.82
-252.27
59.71
171.50
-306.45
-311.44
-195.02
-468.33
-10.02
-406.03
385.65
136.35
-419.38
-223.06
-242.03
-264.54
408.40
373.36
272.15
-291.26
-307.64
-380.37
-259.24
486.28
154.87
-444.83
239.79
361.02
-194.27
27.14
-403.12
-401.99
237.40
67.79
87.78
295.74
-108.39
-58.98
332.22
-474.81
-13.37
138.09
304.94
87.53
58.08
28.60
-471.44
-138.68
-396.44
-380.97
430.51
486.56
-166.58
-199.95
406.94
-265.81
-432.96
399.05
340.57
-22.74
105.39
433.07
-269.62
361.85
230.57
-463.84
275.01
-314.90
355.65
-91.15
-144.73
-83.13
-242.41
359.14
286.46
331.74
17.25
-51.70
-457.07
234.16
371.07
202.84
123.08
456.79
82.91
198.85
54.37
423.29
-137.06
377.98
17.04
-203.37
242.97
-25.28
133.21
-304.98
215.81
288.43
-282.03
132.07
-136.06
484.25
13.27
-358.97
-178.17
42.37
297.00
476.74
483.25
297.26
-283.84
-48.77
452.96
-22.74
16.24
288.42
-272.71
-410.19
381.13
-182.74
369.47
-70.16
-116.48
-148.56
157.11
-264.51
-5.13
7.72
-192.03
-231.46
-9.98
-73.51
284.42
-448.61
201.33
192.40
-257.79
470.81
418.06
-38.61
-387.80
-247.86
333.08
81.63
81.84
-11.07
-318.56
-52.51
95.29
-371.04
364.62
383.25
-94.64
452.21
88.52
-479.45
396.39
-383.33
-492.40
-476.91
-292.53
-463.96
178.02
-371.12
3.16
444.96
41.39
-463.87
-344.88
449.80
461.25
307.84
318.06
-175.40
36.32
-285.88
466.00
493.93
129.03
-173.40
283.61
-255.32
-59.19
314.08
-448.92
423.03
480.28
250.42
-410.75
444.57
104.92
-257.53
215.72
-420.40
-374.88
362.03
-284.90
-459.14
-229.28
-269.92
-141.25
-277.00
-258.71
-67.18
279.33
-185.98
-299.46
-423.91
-486.06
-187.18
-8.67
263.73
-298.69
414.45
46.37
-133.04
401.79
-468.32
-131.67
-132.54
165.37
466.00
-97.33
-230.80
2.61
-144.73
411.29
-221.10
-45.45
200.05
115.80
-4.11
-183.18
438.38
173.74
290.73
15.33
-194.49
-63.55
12.01
-132.41
451.74
-128.59
295.42
398.53
164.84
-208.81
-45.78
484.84
-329.96
93.45
-252.07
326.10
-482.29
471.13
-218.75
-33.32
282.68
-120.20
-423.12
303.13
44.35
492.61
344.66
-437.02
234.83
337.34
-157.71
-223.66
494.35
390.86
416.33
487.55
-200.73
-390.88
153.08
258.97
-128.41
-373.37
-440.79
-244.82
-129.13
237.59
-58.66
-428.30
-468.04
73.38
-344.97
489.37
372.46
-277.43
-366.17
-250.50
-437.96
8.94
271.10
289.80
-107.62
-21.60
467.38
348.61
-305.24
-266.22
208.53
447.55
34.29
-254.27
213.50
211.56
-95.99
-414.53
282.47
24.96
180.14
477.60
159.93
-131.73
352.01
13.17
399.73
298.53
135.34
-401.57
164.60
359.55
416.88
-349.06
208.80
-224.45
-291.53
-273.84
-257.80
375.09
198.96
-455.52
329.07
451.88
-205.93
388.33
-346.74
-56.10
-94.46
-251.76
499.97
-62.19
328.77
-101.08
-271.01
-334.89
274.74
-346.23
494.81
-448.56
312.84
92.00
-441.67
-278.21
-138.87
-258.53
-458.07
-12.46
-67.93
-366.72
-372.48
171.19
141.94
-146.33
-200.45
285.27
238.54
152.81
41.59
232.75
-357.38
-383.78
-123.07
100.10
-111.75
-454.24
-73.78
364.78
-248.01
-458.34
-127.57
143.76
424.36
75.42
-161.05
163.50
186.21
-175.07
159.07
-274.92
-104.41
-293.07
296.28
-123.98
-263.22
142.55
126.05
45.87
-193.78
315.73
211.00
264.11
313.30
423.79
437.33
411.51
-219.91
-328.37
309.55
-130.13
-43.38
98.40
-109.92
-314.49
-104.08
204.74
443.32
131.26
-200.74
371.66
191.92
-306.52
4.23
429.95
-403.16
156.65
-346.42
23.81
-226.79
-342.61
258.80
297.98
361.52
-93.91
-226.17
-311.21
33.19
-443.55
51.46
72.06
-17.09
84.59
460.96
389.97
-35.86
-258.00
-319.61
-99.56
96.01
-253.44
200.98
271.06
-246.99
32.96
-390.69
267.77
-78.63
387.31
-82.86
223.58
156.80
67.91
493.49
256.11
-384.21
-61.40
-124.61
-160.29
270.86
-138.79
445.26
-39.84
-24.05
-18.54
-302.17
-497.85
305.25
-140.12
497.98
-436.84
-359.77
427.09
-459.27
498.11
-244.58
-114.43
366.50
64.21
67.24
360.36
-154.96
493.82
368.09
307.01
100.12
332.56
155.44
326.74
34.79
-231.33
-401.67
309.31
-317.49
-251.59
410.16
498.83
-430.70
315.09
353.89
-4.82
-86.16
490.80
69.26
-73.77
-275.49
72.99
-253.20
-18.86
-479.43
134.03
295.36
216.09
108.10
229.80
-301.52
-449.61
-149.62
-193.51
-360.78
73.63
148.89
-53.75
-17.12
-205.38
189.00
228.54
223.00
486.48
376.81
-270.35
329.46
-424.45
-480.07
218.41
-245.41
469.20
177.73
-46.81
-117.48
-206.37
163.83
-228.35
299.95
-345.98
48.40
111.47
482.27
-208.46
437.44
459.71
291.79
418.30
-394.66
-122.19
454.62
51.56
-28.23
-44.10
-467.33
-387.19
-105.22
395.30
-207.28
-80.62
475.10
-63.93
-11.94
296.09
-377.69
38.22
360.33
392.64
141.39
-285.37
216.76
256.12
-392.36
91.49
453.83
93.86
116.67
-27.95
-211.17
17.52
-95.25
-359.38
88.54
422.92
-255.29
-124.85
182.09
-312.96
22.85
-239.37
499.62
167.06
350.74
-208.70
179.28
372.76
467.18
119.37
201.87
130.59
-24.63
117.17
356.80
274.09
182.10
-353.44
451.18
-316.19
434.14
-457.93
-335.94
-270.68
373.55
165.51
-79.74
286.68
483.99
183.81
487.64
77.57
18.75
475.26
345.05
-386.94
-351.87
357.73
-454.85
219.42
469.91
228.39
-17.73
55.60
-156.64
399.04
285.92
299.50
90.37
-413.32
-50.88
-235.51
-350.66
-148.86
-205.17
-173.91
-344.38
97.36
-128.00
319.57
88.63
-4.54
454.64
-394.53
310.78
-132.00
-112.28
54.97
-126.11
413.39
32.21
-325.94
-5.27
304.73
114.68
343.29
279.03
-64.33
-300.49
-428.86
-67.70
382.35
303.35
347.28
-52.24
406.58
-152.94
434.22
38.76
484.23
135.38
-160.23
93.60
-298.48
-325.82
262.43
-126.19
-183.27
-73.56
-49.92
-25.09
-433.94
-441.18
-411.26
358.83
-344.80
448.93
39.43
218.22
44.76
-65.51
233.48
-242.16
-90.48
479.49
-164.37
381.36
-216.57
-354.92
335.53
312.35
-120.63
-309.51
-278.12
-45.69
342.32
-328.15
-17.30
95.28
407.56
267.00
54.45
-210.05
-431.97
-194.02
-11.35
243.61
-381.29
-169.72
324.67
469.94
365.38
327.35
-294.96
482.55
269.16
-153.68
-138.46
73.24
266.00
-432.83
-180.97
368.90
-14.97
-435.81
294.25
-401.08
-474.75
400.78
358.76
-304.79
-109.30
-475.32
-391.76
435.53
-273.03
438.42
101.06
-51.60
-474.68
123.10
-281.29
-312.45
-430.46
-213.87
-46.73
77.77
-465.29
21.34
463.30
-279.33
327.91
-145.93
290.21
-295.74
246.53
-101.60
-385.53
174.77
-456.19
-432.37
-82.83
0.46
479.61
7.53
43.46
-355.44
351.68
-188.62
88.37
419.27
264.35
201.98
-138.20
-40.53
-234.26
-405.92
-297.70
-114.96
-127.99
-495.52
-484.39
-335.89
341.81
-369.96
-88.00
-286.47
153.21
243.31
82.06
-209.18
188.74
150.30
498.11
20.89
-405.29
-24.38
-171.11
95.58
219.96
-418.83
-17.71
-134.81
-405.55
422.21
295.53
-205.96
189.10
-148.81
-75.11
-467.61
-73.25
-73.77
321.85
225.16
434.99
-301.60
411.01
-40.77
-404.40
46.36
-94.11
-84.76
355.72
-234.49
73.50
163.96
-411.41
339.71
-195.22
164.57
201.70
-382.79
241.78
-73.94
-162.39
-330.08
113.14
223.48
-339.16
493.94
395.08
113.40
-459.66
-207.19
-34.98
-299.73
139.90
-9.16
287.18
-226.93
223.92
18.90
237.71
-470.72
303.08
-200.85
-365.63
312.03
170.07
-134.91
332.84
-175.59
248.06
-206.17
-427.65
-58.25
-481.21
-470.45
312.02
362.65
-96.91
189.50
36.58
449.55
-178.15
225.94
-238.80
-300.49
-389.19
74.23
-262.76
481.80
-125.19
-54.92
-130.97
134.54
-88.84
341.23
-394.13
-245.46
255.70
-454.90
-410.45
381.43
-357.26
-156.54
217.57
-303.20
-347.79
-80.91
168.21
-365.14
-95.91
-121.55
-60.25
-499.93
230.08
418.01
-296.98
110.76
-265.48
272.21
207.35
364.05
447.05
-308.00
13.55
64.66
496.59
103.36
-417.97
378.65
208.01
-487.37
-380.27
319.27
454.12
-218.63
-273.92
-123.69
288.23
-325.54
474.45
-133.98
43.60
224.90
81.52
-276.98
475.33
-276.35
314.89
-36.89
-448.70
-362.78
-374.55
-314.13
-47.88
343.13
432.46
205.23
-2.36
385.53
102.18
-49.84
-495.16
383.52
190.07
116.23
-247.63
-216.61
-436.15
-371.39
-458.08
-336.07
35.76
-6.78
-310.89
144.48
-316.62
319.44
481.43
29.71
-496.81
-73.19
448.55
14.67
226.65
-231.60
93.45
417.76
-375.32
195.24
61.56
-256.51
-122.30
-499.09
485.42
347.20
485.97
-70.69
-462.83
302.12
319.83
-423.78
-298.42
-346.48
-198.25
9.74
122.80
-151.11
456.83
-285.43
42.08
301.94
-388.72
43.14
-200.01
-497.05
-423.83
-82.24
279.63
177.77
-315.12
-166.45
-152.14
411.62
394.44
-362.31
-378.74
152.36
-382.66
280.96
351.21
204.33
-279.83
190.07
456.17
-55.66
-245.90
-5.69
312.95
395.93
-419.23
-399.84
-1.51
368.57
-103.97
311.09
180.14
-255.72
59.41
97.94
170.19
281.56
-141.96
-478.47
492.24
-354.10
-278.35
-376.25
